1.69732	2048
1.83759	2560
1.85376	1536
2.10716	3072
2.54253	1024
3.72922	2048
5.2262	1024
5.47627	512
5.50581	0
5.75401	2048
6.26981	1024
7.14871	2560
7.17006	1536
7.79346	2048
10.1662	2048
10.511	1024
10.7458	3072
11.1222	2560
11.9491	1536
12.8851	2048
14.9408	2560
15.0864	1024
16.888	1536
17.651	3072
18.5453	2560
19.7623	1024
21.7955	1536
22.0558	2560
22.1369	1024
23.1485	1024
24.3827	3072
25.6132	2560
27.8457	1536
29.2598	2560
32.9915	2560
36.8776	2560
39.0807	3072
40.9257	2560
45.3007	2560
48.89	1024
50.2565	2560
51.6937	1024
52.7402	1024
91.1915	1024
93.8476	1024
94.889	1024
106.666	3072
106.995	2560
108.533	0
108.584	2048
108.9	512
111.124	2048
111.648	1024
111.723	2560
113.769	3072
114.573	2048
114.649	1024
115.807	1024
115.898	2560
116.588	1536
117.07	2048
119.569	2048
120.019	2560
120.245	3072
124.027	2560
128.517	2560
129.252	1024
129.811	3072
131.5	1024
132.532	1024
133.967	2560
179.528	1024
182.189	1024
183.196	1024
186.352	1024
187.39	1024
189.058	1024
190.075	1024
200.846	3072
201.235	2560
203.417	0
203.579	512
204.858	2048
206.519	2560
207.205	1536
208.452	3072
211.152	2560
211.742	1024
215.358	3072
215.657	2560
220.502	2560
221.663	1024
223.379	1024
224.52	1024
226.98	2560
274.812	1024
277.301	1024
278.467	1024
283.683	3072
285.333	2560
287.409	2048
287.471	0
287.663	512
289.503	1024
290.623	2048
290.627	1536
290.841	2560
291.59	3072
292.171	1024
293.308	1024
295.619	2560
298.863	3072
300.543	2560
306.249	2560
323.433	2048
344.843	1024
347.562	1024
348.535	1024
364.616	3072
366.389	2560
369.048	0
369.114	512
370.288	1024
371.537	1536
371.943	2560
372.622	3072
373.447	1024
374.682	1024
376.752	2560
379.924	3072
381.711	2560
388.362	2560
424.708	1024
427.26	1024
428.587	1024
445.15	3072
448.433	2048
448.492	2560
449.968	0
450.059	512
451.092	1024
451.094	2048
451.834	1536
452.512	3072
453.572	2560
454.415	1024
455.585	1024
458.216	2560
459.938	3072
463.297	2560
506.182	1024
508.64	1024
509.818	1024
512.175	1024
513.189	1024
524.939	3072
526.405	2560
529.946	2048
530.004	0
530.124	512
531.539	1536
532.111	2560
533.062	3072
534.5	1024
536.982	2560
538.355	1024
539.596	1024
540.643	3072
541.943	2560
579.179	2048
583.32	2048
589.409	1024
591.962	1024
593.074	1024
597.32	1024
598.366	1024
605.45	3072
606.355	2560
610.562	0
610.829	512
611.707	1536
612.416	2560
613.797	3072
616.126	1024
617.4	2560
619.143	1024
620.271	1024
621.636	3072
622.235	2560
673.425	1024
676.502	1024
677.548	1024
680.551	1024
681.542	1024
684.326	1024
685.378	1024
1.6514	2049
1.846	1537
1.85153	2561
2.09629	3073
2.50031	1025
3.61657	2049
5.15765	1025
5.55812	513
5.60446	2049
5.7262	1
6.20621	1025
7.14175	2561
7.4153	1537
7.62479	2049
9.98384	2049
10.1646	3073
10.2962	1025
11.209	2561
12.4756	1537
12.5945	2049
14.6936	1025
15.0884	2561
16.7327	3073
17.6434	1537
18.8132	2561
19.0925	1025
20.7679	1025
22.2209	1025
22.4403	2561
22.8748	1537
23.0159	3073
26.0605	2561
29.8242	2561
32.4624	3073
33.6959	2561
37.6754	2561
41.5875	2561
44.314	1025
45.4834	2561
47.2547	1025
48.2893	1025
49.7955	2561
87.6724	1025
90.4412	1025
91.5309	1025
106.738	3073
107.637	2561
107.911	2049
108.801	513
109.351	1
110.245	2049
110.715	1025
112.496	2561
113.279	2049
113.53	3073
113.634	1025
114.774	1025
115.579	2049
116.879	2561
117.47	1537
118.02	2049
119.68	3073
121.143	2561
122.588	1025
125.565	1025
125.633	2561
126.592	1025
126.957	3073
130.62	2561
175.114	1025
177.925	1025
178.975	1025
200.785	3073
201.646	2561
203.449	513
203.736	2049
203.87	1
204.013	1025
206.679	2561
206.781	2049
206.86	1025
207.888	3073
208.124	1025
209.437	1537
211.264	2561
214.228	3073
215.397	1025
215.984	2561
216.912	2561
218.439	1025
219.542	1025
221.77	2561
267.907	1025
270.819	1025
271.81	1025
283.523	3073
285.876	2561
287.019	2049
287.588	513
288.045	1
289.685	1025
289.918	2049
291.044	3073
291.189	2561
292.727	1025
293.926	1537
293.983	1025
296.053	2561
297.839	3073
301.044	2561
308.103	2561
344.322	1025
346.734	1025
348.062	1025
364.274	3073
368.099	2049
369.148	513
369.719	2561
369.771	1025
369.879	1
371.138	2049
371.884	3073
372.746	1025
373.945	1025
374.54	1537
374.56	2561
378.603	3073
379.417	2561
384.908	2561
389.926	1025
392.373	1025
393.447	1025
440.967	1025
442.787	1025
443.903	1025
444.95	3073
448.127	2561
448.938	2049
450.085	513
450.73	1
452.102	2049
452.217	1025
452.588	3073
453.293	2561
454.824	1537
454.936	1025
456.064	1025
458.126	2561
459.535	3073
463.425	2561
509.332	1025
511.892	1025
513.056	1025
524.738	3073
528.053	2561
528.789	2049
530.182	513
530.817	1
531.222	1025
532.077	2049
532.469	3073
533.158	2561
534.302	1025
534.434	1537
535.035	2049
535.426	1025
538.027	2561
539.571	3073
543.521	2561
587.189	1025
589.615	1025
590.721	1025
605.295	3073
608.227	2561
610.64	513
610.731	2049
611.549	1
611.6	1025
613.041	3073
613.488	2561
614.205	1537
614.806	1025
615.978	1025
618.33	2561
620.134	3073
623.655	2561
666.296	1025
668.936	1025
670	1025
673.494	1025
674.574	1025
1.54631	2050
1.71411	2562
1.76401	1538
2.04818	3074
2.36274	1026
3.47354	2050
4.90237	1026
5.45101	2050
5.4688	2
5.65507	514
5.94779	1026
6.39285	2562
7.45222	2050
8.05012	1538
9.80293	2050
9.98068	1026
10.1317	2562
11.9491	3074
12.4639	2050
13.6737	2562
13.786	1538
14.2474	1026
17.1203	2562
18.4218	1026
19.0989	3074
19.5231	1538
20.2278	1026
20.4203	2562
21.3946	1026
23.7267	2562
27.0772	2562
28.5309	3074
30.484	2562
33.9966	2562
37.6298	2562
40.8491	1026
41.3825	2562
43.4775	1026
44.535	1026
45.2913	2562
46.5517	1538
49.4551	2562
56.1054	2562
83.7568	1026
84.9556	1026
86.8478	1026
87.8258	1026
87.9631	1026
91.6382	1026
92.6717	1026
106.574	3074
106.84	2050
107.022	2562
108.04	2
108.876	514
109.2	2050
111.343	2562
112.086	1026
112.131	2050
114.314	2050
114.462	3074
115.205	2562
115.226	1026
116.375	1026
116.624	2050
118.955	2562
121.63	3074
122.664	2562
126.398	1026
126.518	2562
127.86	1026
129.522	1026
130.565	1026
130.885	2562
136.118	2562
175.469	1026
177.431	1026
178.428	1026
200.591	3074
201.111	2562
202.451	2050
203.119	1026
203.261	2
203.553	514
205.42	2050
205.636	2562
205.843	1026
207.077	1026
209.012	3074
209.698	2562
211.142	1538
213.391	1026
213.696	2562
216.137	1026
217.216	1026
217.398	3074
217.727	2562
222.153	2562
227.984	2562
263.848	1026
266.422	1026
267.687	1026
283.242	3074
284.461	2562
285.509	2050
287.074	2
287.588	514
287.803	1026
288.408	2050
289.144	2562
290.575	1026
291.808	1026
292.506	3074
293.455	2562
297.684	2562
299.461	1538
300.359	1026
301.975	2562
302.092	1026
303.183	1026
304.007	3074
306.881	2562
350	1026
352.789	1026
353.705	1026
364.566	3074
365.388	2562
366.749	2050
368.488	2
369.273	514
369.628	1026
369.73	2050
370.093	2562
372.36	1026
373.623	1026
373.772	3074
374.411	2562
378.631	2562
383.181	2562
383.416	1538
388.866	2562
420.619	1026
423.106	1026
424.255	1026
444.966	3074
445.904	2562
447.432	2050
449.206	1026
449.461	2
450.246	514
450.443	2050
450.708	2562
452.195	1026
453.429	1026
454.252	3074
455.069	2562
459.346	2562
461.052	1026
463.651	1026
463.861	2562
464.704	1026
466.539	1538
469.535	2562
510.781	1026
513.621	1026
514.791	1026
524.645	3074
525.955	2562
527.156	2050
529.603	2
530.222	2050
530.417	514
530.586	1026
530.638	2562
533.383	1026
533.859	3074
534.617	1026
534.985	2562
539.273	2562
543.955	2562
551.163	2562
581.632	1026
584.267	1026
585.49	1026
586.617	1026
590.202	1026
591.265	1026
604.928	3074
606.231	2562
607.475	2050
610.188	2
610.502	2050
610.858	514
611.016	2562
612.228	1538
612.566	1026
614.415	3074
615.428	2562
615.665	1026
616.856	1026
619.561	2562
624.319	2562
652.699	1026
655.555	1026
656.689	1026
688.283	3074
697.387	1026
1.6514	2051
1.77942	2563
1.84512	1539
2.10606	3075
2.4659	1027
3.64087	2051
5.09599	1027
5.46196	515
5.62226	2051
5.7327	3
6.15104	1027
6.86112	2563
7.19581	1539
7.63983	2051
9.97524	2051
10.264	1027
10.6727	2563
11.5486	3075
11.9463	1539
12.5945	2051
14.4663	2563
14.6734	1027
16.8111	1539
18.0182	2563
18.7013	3075
19.1837	1027
21.3773	1027
21.5148	2563
22.0086	1539
22.4013	1027
24.9549	2563
26.4821	3075
27.5209	1539
28.4681	2563
32.1132	2563
33.3652	1539
35.7946	2563
39.3564	2563
40.3777	1539
43.1068	2563
45.7798	1027
47.2749	2563
48.6842	1027
49.7461	1027
52.0791	2563
84.7191	515
85.93	515
88.3905	1027
89.783	1027
90.9638	1027
95.6048	1027
96.6365	1027
106.663	3075
107.035	2563
107.448	2051
109.09	3
109.816	2051
111.636	2563
112.961	2051
113.62	1027
114.204	3075
115.363	2051
115.791	2563
116.853	1027
117.941	2051
118.06	1027
119.814	2563
120.768	3075
122.444	1539
123.862	2563
128.262	2563
133.962	2563
169.9	1027
171.042	1027
176.806	1027
179.619	1027
180.923	1027
200.763	3075
201.051	2563
203.083	515
203.155	2051
203.802	3
205.843	2563
206.469	2051
207.004	1027
208.744	3075
210.173	2563
210.675	1539
211.83	1027
213.224	1027
214.37	2563
216.088	3075
218.755	2563
224.358	2563
257.308	1027
260	1027
260.924	1027
283.763	3075
284.569	2563
286.3	2051
287.165	515
287.588	1027
288.113	3
289.254	2051
289.573	2563
290.582	1027
291.781	1027
292.218	3075
292.933	1539
294.144	2563
298.797	2563
300.333	1027
300.878	3075
303.395	1027
303.873	2563
304.447	1027
351.736	1027
354.642	1027
355.581	1027
364.56	3075
365.573	2563
367.436	2051
368.632	515
369.537	3
370.627	2563
370.627	2051
370.703	1027
373.021	3075
373.555	1027
373.701	1539
374.701	1027
375.211	2563
379.738	2563
381.749	3075
384.803	2563
393.889	2563
425.639	1027
428.361	1027
429.327	1027
445.302	3075
447.454	2563
448.161	2051
449.671	515
450.577	1027
450.673	3
451.531	2051
452.5	2563
453.296	1539
453.551	1027
453.891	3075
454.734	1027
457.098	2563
462.154	2563
463.18	3075
467.729	2563
505.839	1027
508.239	1027
509.635	1027
524.943	3075
526.225	2563
527.936	2051
529.683	515
530.508	1027
530.671	3
531.32	2563
531.377	2051
532.469	1539
533.488	1027
533.592	3075
534.66	1027
535.952	2563
540.809	2563
543.509	3075
547.23	2563
583.781	1027
586.285	1027
587.647	1027
605.409	3075
606.685	2563
608.085	2051
610.314	515
610.488	1027
611.287	3
611.557	2051
611.768	2563
612.471	1539
613.522	1027
614.135	3075
614.741	1027
616.402	2563
621.3	2563
624.696	3075
627.436	2563
668.294	1027
670.939	1027
671.82	1027
698.785	2051
1.6873	2052
1.82413	2564
1.85263	1540
2.11227	3076
2.5217	1028
3.70008	2052
5.18977	1028
5.60348	4
5.68672	2052
5.79154	516
6.24085	1028
6.65148	2564
7.3114	1540
7.68937	2052
9.99388	2052
10.3394	1028
10.3713	2564
11.8134	3076
12.1252	1540
12.589	2052
13.9775	2564
14.8234	1028
17.1148	1540
17.4311	2564
18.9483	3076
19.3157	1028
20.7281	2564
21.0699	1028
22.3587	1028
22.5091	1540
24.0869	2564
27.4453	2564
28.1564	3076
28.2233	1540
30.8483	2564
34.3995	2564
35.5258	1540
38.0453	2564
41.7877	2564
45.3573	1028
45.5607	2564
48.169	1028
49.2183	1028
49.5177	2564
54.4428	2564
82.203	1028
83.7336	1028
85.1499	1028
86.6719	1028
106.526	3076
107.05	2564
107.312	2052
108.848	4
109.006	1028
109.013	516
109.728	2052
111.383	2564
111.741	1028
112.894	2052
113.047	1028
114.301	3076
115.324	2564
115.324	2052
117.725	2052
119.041	2564
119.199	1028
120.748	1540
120.89	2052
121.29	3076
122.024	1028
122.835	2564
123.071	1028
126.793	2564
131.445	2564
172.942	1028
175.748	1028
176.853	1028
200.64	3076
200.908	2564
203.298	1028
203.422	4
203.445	2052
203.875	516
205.504	2564
206.061	1028
206.895	2052
207.364	1028
209.002	3076
209.513	2564
211.026	1540
213.4	2564
214.818	1028
216.83	3076
217.391	2564
217.645	1028
218.712	1028
221.888	2564
269.167	1028
271.803	1028
272.971	1028
283.703	3076
284.316	2564
286.384	2052
287.663	4
287.974	516
289.054	2564
289.353	1028
289.405	2052
292.24	1028
292.612	3076
293.355	2564
293.489	1540
293.489	1028
297.335	2564
298.144	2052
301.724	2564
302.262	3076
307.312	2564
342.835	1028
345.381	1028
346.422	1028
348.893	1028
349.931	1028
364.628	3076
365.529	2564
368.796	2052
369.273	4
369.65	516
370.427	2564
372.466	1028
372.543	2052
373.548	3076
373.594	1540
374.777	2564
376.444	1028
377.804	1028
378.92	2564
383.722	2564
427.911	1028
430.476	1028
431.756	1028
433.951	1028
434.994	1028
444.892	3076
445.854	2564
448.426	2052
450.247	4
450.539	516
450.681	2564
451.82	2052
453.552	1540
453.918	3076
454.482	1028
455.04	2564
457.713	1028
458.893	1028
459.254	2564
463.992	2564
509.496	1028
512.216	1028
513.252	1028
524.556	3076
525.4	2564
528.036	2052
530.255	4
530.32	2564
530.726	516
531.333	1028
531.449	2052
532.793	1540
533.637	3076
534.412	1028
534.696	2564
535.618	1028
538.855	2564
543.23	3076
543.807	2564
588.07	1028
590.616	1028
591.499	1028
596.405	1028
597.44	1028
600.57	1028
601.603	1028
605.426	3076
605.685	2564
608.361	2052
610.737	2564
611.022	4
611.358	516
611.795	2052
612.91	1540
614.585	3076
615.141	2564
619.412	2564
621.14	1028
623.94	1028
624.048	2564
624.971	1028
677.372	1028
680.138	1028
681.29	1028
1.51823	2053
1.71887	2565
1.76086	1541
2.04697	3077
2.36985	1029
3.47167	2053
4.90237	1029
5.45453	2053
5.4701	5
5.5	517
5.95903	1029
7.11446	1541
7.21626	2565
7.47706	2053
9.81309	2053
9.93308	1029
11.2787	2565
11.8475	1541
12.5189	2053
14.1289	1029
14.2474	3077
15.129	2565
16.7217	1541
18.2809	1029
18.8443	2565
20.1759	1029
21.2707	1029
21.9664	3077
22.018	1541
22.4902	2565
26.1214	2565
29.8551	2565
33.6998	2565
37.7489	2565
40.0287	1029
42.0283	2565
42.8336	1029
43.9049	1029
46.6433	2565
78.4273	1029
81.3796	1029
82.4265	1029
106.448	3077
106.637	2565
107.748	2053
108.504	1029
108.563	5
108.83	517
110.076	2053
111.203	1029
111.394	2565
112.415	1029
113.212	2053
113.948	1541
115.203	3077
115.5	2053
115.765	2565
117.791	1029
117.992	2053
119.929	2565
120.588	1029
121.676	1029
123.129	3077
123.672	1541
124.218	2565
128.799	2565
135.785	2565
174.509	1029
175.698	1029
200.698	3077
201.439	2565
202.606	1029
203.275	5
203.539	517
203.93	2053
205.19	1029
206.422	1029
206.576	2565
207.341	2053
209.519	1541
210.476	3077
211.374	2565
212.156	1029
214.739	1029
215.827	1029
216.1	2565
221.263	2565
239.19	2053
264.132	1029
266.531	1029
267.67	1029
269.917	1029
270.924	1029
274.858	1029
275.91	1029
283.409	3077
284.699	2565
286.967	5
287.281	517
290.185	2565
290.821	1541
293.11	2053
294.085	3077
294.689	1029
295.109	2565
298.048	1029
299.181	1029
300.052	2565
306.606	2565
352.949	1029
355.281	1029
356.291	1029
360.554	1029
361.6	1029
364.289	3077
364.721	1029
365.801	1029
366.635	2565
368.052	2053
368.556	5
368.799	517
371.106	2053
371.424	1541
372.312	2565
374.96	3077
377.279	2565
382.539	2565
383.115	1029
385.628	1029
386.675	1029
434.946	1029
437.744	1029
438.838	1029
444.941	3077
446.169	2565
449.118	2053
449.575	5
449.946	517
450.317	1029
451.553	1541
452.083	2565
452.674	2053
452.921	1029
454.117	1029
455.453	3077
456.972	2565
462.34	2565
505.779	1029
508.395	1029
509.339	1029
524.492	3077
526.609	2565
529.256	2053
529.522	5
529.786	1029
530.044	517
531.051	1541
532.3	2565
532.653	1029
533.911	1029
535.568	3077
537.239	2565
542.735	2565
543.512	1029
545.682	1029
546.726	1029
594.489	1029
597.307	1029
598.424	1029
605.18	3077
606.551	2565
608.421	2053
610.118	5
610.63	517
611.073	1029
611.301	1541
611.399	2053
612.48	2565
613.814	1029
615.089	1029
616.281	3077
617.504	2565
622.961	2565
666.713	1029
668.988	1029
670.399	1029
1.68026	2054
1.84438	1542
1.86464	2566
2.09506	3078
2.54864	1030
3.7141	2054
5.25355	1030
5.46025	6
5.55865	518
5.67242	2054
6.28522	1030
7.35483	2566
7.43923	1542
7.66567	2054
9.96232	2054
10.5041	1030
11.7007	2566
12.5413	1542
12.5866	2054
15.1895	1030
15.7044	2566
17.8224	1542
18.5441	3078
19.5827	2566
19.8422	1030
23.2614	1030
23.4173	1542
23.4371	2566
24.3066	1030
27.1362	2566
30.8795	2566
34.7245	2566
37.2295	1542
38.8371	2566
43.183	2566
48.023	2566
49.8595	1030
52.8343	1030
53.9	1030
92.1739	1030
94.8037	1030
95.8818	1030
105.109	3078
107.274	2054
107.628	2566
108.682	6
108.805	518
109.633	2054
112.093	1030
112.663	2054
112.681	2566
115	2054
115.13	1030
116.294	1030
116.734	3078
117.275	2566
117.343	2054
120.542	2054
121.954	2566
123.292	1542
126.818	2566
132.407	1030
134.836	1030
135.884	1030
182.687	1030
185.348	1030
186.382	1030
200.395	3078
201.652	2566
203.139	2054
203.372	6
203.638	518
205.676	1030
206.341	2054
206.959	2566
208.625	1030
209.836	1030
211.783	2566
212.547	3078
214.046	1542
216.812	2566
222.651	2566
226.023	1030
228.412	1030
229.422	1030
236.148	2054
272.869	2566
276.318	1030
279.037	1030
280.148	1030
283.192	3078
287.04	6
287.452	518
289.409	2054
290.73	1030
291.477	2566
293.367	1030
294.504	1030
296.615	2566
297.162	1542
297.176	3078
302.135	2566
348.167	1030
350.774	1030
351.959	1030
353.028	1030
354.911	1030
355.976	1030
364.18	3078
366.955	2054
367.975	2566
368.659	6
368.969	518
369.87	2054
373.435	2566
374.617	1030
377.72	1542
377.964	1030
378.812	2566
379.076	1030
379.227	3078
385.959	2566
429.958	1030
432.569	1030
433.718	1030
444.827	3078
447.806	2054
449.619	6
450.042	518
450.392	2566
450.876	2054
451.737	1030
454.762	1030
455.809	2566
455.996	1030
457.765	1542
459.806	3078
460.981	2566
508.212	1030
510.795	1030
512.003	1030
524.56	3078
527.573	2054
527.648	2566
529.801	6
530.315	518
530.934	2054
531.351	1030
533.252	2566
534.466	1030
535.652	1030
536.941	1542
538.7	2566
541.401	3078
544.768	2566
588.302	1030
590.965	1030
591.84	1030
605.027	3078
608.039	2054
610.37	6
610.822	518
611.111	2566
611.204	2054
611.902	1030
614.941	1030
616.109	1030
616.516	2566
616.671	1542
621.054	3078
621.947	2566
668.649	1030
671.266	1030
672.309	1030
677.683	1030
678.713	1030
1.60433	2055
1.66808	2567
1.75587	1543
2.05264	3079
2.44815	1031
3.53167	2055
5.07946	1031
5.51724	2055
5.52702	519
5.543	7
6.15151	1031
6.86421	2567
7.42624	1543
7.54051	2055
9.87626	2055
10.1855	1031
10.7822	2567
10.8015	3079
12.575	2055
12.592	1543
14.4663	1031
14.651	2567
17.7581	3079
18.0991	1543
18.3196	2567
18.725	1031
20.4434	1031
21.7707	1031
21.8347	2567
23.8571	1543
25.0397	3079
25.3899	2567
28.981	2567
32.676	2567
36.4613	2567
40.132	2567
42.8975	1031
43.881	2567
45.8966	1031
46.9869	1031
47.9123	2567
52.4589	2567
86.4944	1031
87.7201	1031
89.3735	1031
90.6469	1031
106.704	3079
107.13	2567
107.789	2055
108.728	7
108.936	519
109.974	1031
110.148	2055
111.907	2567
112.799	1031
113.349	2055
113.934	3079
114.018	1031
115.807	2055
116.164	2567
117.723	1543
120.216	1031
120.293	2567
120.558	3079
122.378	1031
123.4	1031
124.489	2567
128.922	2567
134.153	2567
169.158	1031
171.808	1031
172.899	1031
177.339	1031
178.391	1031
200.577	3079
201.24	2567
203.286	7
203.484	519
203.637	2055
204.768	1031
206.326	2567
206.696	2055
208.017	1031
208.268	3079
209.161	1031
210.774	2567
210.774	1543
215.169	2567
215.417	3079
216.691	1031
219.775	2567
219.781	1031
220.848	1031
225.422	2567
271.336	1031
274.088	1031
275.237	1031
283.487	3079
284.8	2567
286.95	2055
287.272	7
287.574	519
289.128	1031
290.032	2055
290.083	2567
291.446	3079
291.853	1031
293.023	1031
293.773	1543
294.837	2567
298.934	3079
299.687	2567
305.196	2567
336.217	1031
337.518	1031
339.141	1031
340.272	1031
364.681	3079
365.603	2567
367.33	1031
368.518	2055
368.743	7
369.077	519
370.181	1031
370.922	2567
371.373	1031
371.853	2055
372.839	3079
375.556	1543
375.674	2567
378.203	1031
380.248	2567
380.666	3079
381.061	1031
382.103	1031
385.45	2567
431.086	1031
433.93	1031
434.919	1031
440.239	1031
441.276	1031
445.013	3079
446.048	2567
449.048	2055
449.768	7
450.01	519
451.675	2567
452.649	2055
453.406	3079
454.47	1031
455.578	1543
456.521	2567
457.223	1031
458.398	1031
461.166	2567
461.507	3079
467.521	2567
510.619	1031
513.282	1031
514.68	1031
524.5	3079
526.124	2567
528.903	2055
529.9	7
530.065	519
530.823	1031
531.61	2567
532.727	2055
532.834	3079
533.616	1031
534.797	1031
534.926	1543
536.447	2567
540.51	3079
541.545	2567
548.664	2567
583.853	1031
586.146	1031
587.2	1031
605.393	3079
607	2567
609.37	2055
610.184	1031
610.466	7
610.648	519
612.32	2567
613.301	1031
613.401	2055
613.828	3079
614.484	1031
615.206	1543
617.096	2567
622.149	2567
622.582	3079
624.089	1031
626.561	1031
627.633	1031
627.833	2567
677.364	1031
680.117	1031
681.369	1031
685.934	1031
686.955	1031
1.58318	2056
1.68806	2568
1.78657	1544
2.07555	3080
2.37891	1032
3.56731	2056
4.92242	1032
5.57072	2056
5.80656	8
5.83537	520
5.95062	1032
6.55308	2568
7.22234	1544
7.59583	2056
9.96422	2056
9.99034	1032
10.2336	2568
10.572	3080
12.0089	1544
12.6994	2056
13.843	2568
14.1906	1032
16.888	1544
17.2478	2568
17.3315	3080
18.4382	1032
20.3181	1032
20.5157	2568
21.4309	1032
22.0407	1544
23.7598	2568
24.0937	3080
27.0048	2568
27.1814	1544
30.3396	2568
32.4641	1544
33.7641	2568
37.2665	2568
40.7901	2568
40.8159	1032
42.3419	1032
43.7313	1032
44.3507	2568
48.0982	2568
52.2763	2568
53.8016	2056
84.0159	1032
86.6998	1032
87.9002	1032
106.369	3080
106.458	2568
109.106	520
109.322	8
109.467	1032
109.989	2056
110.886	2568
112.206	1032
112.925	2056
113.416	3080
113.509	1032
114.719	2568
118.412	2568
118.842	1544
119.338	1032
119.89	3080
122.011	1032
122.032	2568
123.071	1032
125.834	2568
129.982	2568
135.538	2568
171.196	1032
173.033	1032
174.065	1032
200.617	3080
200.795	2568
202.193	1032
203.303	2056
203.882	520
203.882	8
204.727	1032
205.392	2568
205.914	1032
206.043	2056
207.978	3080
208.642	1544
209.436	2568
211.304	1032
213.264	2568
214.033	1032
214.889	3080
215.138	1032
217.176	2568
221.46	2568
227.259	2568
262.51	1032
265.246	1032
266.388	1032
283.508	3080
283.82	2568
287.157	2056
287.854	1032
288.074	520
288.295	8
288.83	2568
290.511	2056
290.778	1032
291.216	3080
291.51	1544
291.899	1032
293.087	2568
297.098	2568
298.482	3080
300.016	1032
301.369	2568
302.499	1032
303.577	1032
306.239	2568
350.382	1032
353.143	1032
354.217	1032
364.551	3080
364.865	2568
368.874	2056
369.836	520
369.855	2568
369.87	1032
369.999	8
372.182	1544
372.479	3080
372.663	1032
373.82	1032
374.128	2568
378.245	2568
379.358	3080
382.444	2568
388.063	2568
420.846	1032
423.347	1032
424.676	1032
426.383	1032
427.603	1032
444.747	3080
445.365	2568
446.513	2568
448.489	2056
450.695	520
450.928	2568
451.022	8
451.621	1032
451.696	2056
452.195	1544
452.714	3080
455.128	2568
455.23	1032
456.455	1032
459.199	2568
460.112	3080
463.524	2568
469.835	2568
502.938	1032
505.484	1032
506.644	1032
511.771	1032
512.819	1032
524.758	3080
525.189	2568
529.263	2056
530.365	2568
530.917	520
531.196	8
531.716	1544
532.64	1032
532.731	3080
534.687	2568
535.771	1032
536.986	1032
538.755	2568
540.166	3080
543.169	2568
581.965	1032
584.748	1032
585.628	1032
605.125	3080
605.296	2568
608.698	2056
609.799	1032
610.433	2568
611.483	520
611.759	8
611.764	1544
611.858	2056
612.827	1032
613.176	3080
613.969	1032
614.688	2568
618.756	2568
620.896	3080
622.668	1032
623.154	2568
625.393	1032
626.448	1032
628.664	2568
675.919	1032
678.82	1032
679.761	1032
1.67006	2057
1.82312	2569
1.85198	1545
2.11434	3081
2.42498	1033
3.66084	2057
4.97667	1033
5.49101	9
5.54205	521
5.67968	2057
6.0296	1033
6.96448	2569
7.01972	1545
7.68332	2057
10.0616	2057
10.0758	1033
10.8393	2569
10.9877	3081
11.6139	1545
12.6532	2057
14.226	1033
14.6304	2569
16.3692	1545
18.2194	3081
18.2405	2569
18.4218	1033
20.0249	1033
21.3833	1545
21.7492	2569
21.8525	1033
22.884	1033
25.211	2569
25.7774	3081
26.8171	1545
28.7694	2569
32.4722	2569
36.3668	2569
40.4212	2569
42.6007	1033
44.7318	2569
45.1927	1033
46.2353	1033
48.9606	2569
54.3201	2569
85.7987	1033
88.5734	1033
89.707	1033
106.476	3081
107.48	2569
107.919	2057
108.562	9
108.765	521
110.073	1033
110.318	2057
112.179	2569
112.906	1033
113.668	2057
113.914	3081
114.155	1033
114.843	1545
116.452	2569
116.613	2057
118.454	2569
119.891	1033
120.723	3081
122.891	2569
122.966	1033
123.074	1545
124.011	1033
127.465	2569
132.998	2569
169.547	1033
172.431	1033
173.4	1033
200.718	3081
201.551	2569
202.416	1033
203.304	9
203.527	521
204.013	2057
205.132	1033
206.375	2569
206.443	1033
206.946	2057
208.69	3081
209.349	1545
210.821	2569
211.795	1033
214.572	1033
215.24	2569
215.669	1033
216.027	3081
219.821	2569
226.232	2569
248.899	2569
264.831	1033
267.321	1033
268.412	1033
283.666	3081
287.18	9
287.398	521
287.425	2057
288.135	1033
289.863	2569
290.444	2057
290.545	1545
291.084	1033
292.024	3081
292.267	1033
294.356	2569
298.993	2569
300.403	3081
300.522	1033
302.376	1033
303.419	1033
304.069	2569
352.271	1033
355.296	1033
356.24	1033
364.605	3081
366.976	2569
368.888	521
368.972	9
368.993	2057
369.906	1033
370.98	1545
372.022	2569
372.186	2057
372.629	1033
373.07	3081
373.813	1033
376.616	2569
381.056	3081
381.514	2569
387.688	2569
422.531	1033
425.017	1033
426.276	1033
445.096	3081
447.589	2569
449.153	1033
449.948	9
449.968	2057
450.014	521
451.211	1545
452.079	1033
452.615	2569
453.205	1033
453.38	2057
453.639	3081
457.172	2569
460.386	1033
462.058	2569
462.469	3081
463.143	1033
464.204	1033
468.674	2569
513.97	1033
516.866	1033
518.605	1033
524.874	3081
529.558	2569
529.736	2057
529.9	9
529.933	1033
530.124	521
530.902	1545
532.504	1033
533.207	2057
533.404	3081
533.757	1033
534.239	2569
538.741	2569
542.314	3081
543.873	2569
586.389	1033
588.879	1033
589.937	1033
605.303	3081
607.687	2569
610.087	2057
610.279	1033
610.531	9
610.634	521
610.942	1545
612.754	2569
613.207	1033
613.614	2057
613.966	3081
614.492	1033
617.311	2569
622.213	2569
623.298	3081
623.937	1033
626.347	1033
627.411	1033
627.869	2569
677.307	1033
680.009	1033
681.145	1033
685.596	1033
686.666	1033
689.641	1033
690.649	1033
1.65798	2058
1.74464	2570
1.84986	1546
2.11025	3082
2.56722	1034
3.67535	2058
5.30183	1034
5.48766	522
5.5326	10
5.65752	2058
6.34724	1034
6.36328	2570
7.67759	2058
7.71654	1546
10.0336	2058
10.0918	2570
10.5524	1034
11.2558	3082
12.6237	2058
12.7573	1546
13.6427	2570
15.1903	1034
17.0179	2570
17.9343	1546
18.2503	3082
19.8556	1034
20.2534	2570
23.0155	1546
23.5204	2570
24.8346	1034
25.6354	3082
26.0432	1034
26.7915	2570
29.2063	1546
30.1069	2570
33.5229	2570
33.9513	1546
37.001	2570
40.6587	2570
44.4915	2570
48.6373	2570
50.5147	1034
53.5086	1034
53.5582	2570
54.5745	1034
90.4197	1034
91.8429	1034
92.8463	1034
99.0747	1034
100.136	1034
102.907	1034
103.932	1034
106.589	2570
106.631	3082
106.929	2058
108.725	522
108.998	10
109.346	2058
110.792	2570
112.23	2058
114.017	3082
114.355	2058
114.575	2570
116.659	2058
118.194	2570
120.735	3082
120.81	1034
121.777	2570
124.336	1546
124.608	1034
125.377	2570
125.68	1034
129.319	2570
134.106	2570
174.649	1034
177.444	1034
178.315	1034
179.87	1034
180.95	1034
200.651	3082
200.702	2570
201.829	2058
203.436	522
203.514	10
205.157	2570
205.599	2058
206.607	1034
208.419	3082
209.05	2570
210.632	1034
211.895	1034
212.818	2570
214.224	1546
215.688	3082
216.641	2570
220.772	2570
225.809	2570
259.375	1034
261.935	1034
263.029	1034
283.649	3082
283.884	2570
284.89	2058
287.477	522
287.51	10
288.087	2058
288.35	1034
288.533	2570
291.676	1034
291.881	3082
292.644	2570
292.852	1034
296.499	1546
296.665	2570
299.757	3082
300.772	2570
305.421	2570
306.933	1034
309.141	1034
310.174	1034
360	1034
362.708	1034
363.787	1034
364.48	3082
364.629	2570
365.901	2058
368.868	522
369.062	10
369.377	2058
369.394	2570
370.866	1034
372.855	3082
373.481	1034
373.571	2570
374.56	1034
376.515	1546
377.601	2570
380.862	3082
381.854	2570
386.643	2570
430.28	1034
433.042	1034
434.18	1034
445.234	3082
445.493	2570
446.473	2058
449.758	522
450.103	10
450.136	2570
450.17	2058
451.655	1034
453.586	3082
454.361	2570
454.448	1034
455.591	1034
456.192	1546
458.321	2570
461.783	3082
462.704	2570
467.684	2570
506.359	1034
509.071	1034
510.106	1034
524.987	2570
525.018	3082
526.319	2058
529.684	2570
529.743	2058
529.925	522
530.163	10
531.182	1034
533.443	3082
533.904	2570
534.396	1034
534.818	1546
535.537	1034
537.847	2570
542.053	3082
542.266	2570
547.46	2570
587.948	1034
590.549	1034
591.907	1034
605.413	3082
605.753	2570
606.821	2058
610.398	2570
610.457	2058
610.607	522
610.815	10
612.014	1034
613.92	3082
614.585	1546
614.655	2570
615.06	1034
616.204	1034
618.617	2570
622.428	3082
623.125	2570
628.345	2570
668.318	1034
670.554	1034
671.675	1034
1.54426	2059
1.74464	2571
1.76022	1547
2.04169	3083
2.43449	1035
3.51183	2059
4.9835	1035
5.4423	523
5.44712	2059
5.49895	11
6.03764	1035
6.92457	2571
7.41338	2059
7.58461	1547
9.65372	2059
10.1154	1035
10.5106	3083
10.896	2571
12.1179	2059
12.8081	1547
14.3391	1035
14.714	2571
17.2907	3083
18.3844	2571
18.4366	1547
18.6638	1035
20.4573	1035
21.6331	1035
21.8853	2571
23.9842	3083
25.3814	1547
25.4761	2571
29.1696	2571
32.9534	2571
36.8851	2571
41.0689	2571
41.6289	1035
44.0858	1035
45.1234	1035
45.4264	2571
50.2352	2571
84.382	1035
87.1601	1035
88.1169	1035
90.0319	1035
91.0965	1035
106.514	3083
106.772	2571
106.992	2059
108.718	11
108.76	523
109.263	2059
111.422	2571
112.091	2059
112.375	1035
113.386	3083
114.276	2059
115.623	2571
115.79	1035
116.572	2059
117.017	1035
118.637	1547
119.685	2571
119.9	3083
120.044	2059
123.768	2571
126.939	1035
128.196	2571
128.879	3083
129.611	1035
130.667	1035
133.829	2571
145.382	2059
175.223	1035
177.798	1035
178.774	1035
200.846	3083
201.343	2571
203.314	11
203.327	1035
203.402	523
203.549	2059
206.069	1035
206.114	2571
207.032	2059
207.34	1035
208.197	3083
210.485	2571
211.189	1547
214	1035
214.932	2571
215.074	3083
217.109	1035
218.158	1035
219.562	2571
225.299	2571
264.771	1035
267.727	1035
268.732	1035
283.445	3083
285.202	2571
285.605	2059
287.24	11
287.416	523
288.295	1035
288.336	2059
290.349	2571
291.167	3083
291.213	1035
292.402	1035
294.959	2571
295.316	1547
298.459	3083
299.623	2571
302.643	1035
304.85	2571
305.207	1035
306.239	1035
353.298	1035
356.112	1035
357.059	1035
360.569	1035
361.608	1035
364.462	3083
365.57	2571
366.6	2059
368.644	11
368.905	523
369.345	2059
370.856	2571
372.337	3083
374.847	1035
375.603	2571
376.2	1547
377.595	1035
378.704	1035
379.81	3083
380.273	2571
385.918	2571
422.544	2059
425.894	2059
427.586	1035
430.292	1035
431.563	1035
445.022	3083
446.473	2571
449.553	11
449.729	523
450.301	1035
451.878	2571
452.943	3083
453.138	1035
454.369	1035
456.085	1547
456.644	2571
460.393	3083
461.653	2571
467.195	2571
503.924	1035
506.379	1035
507.52	1035
524.648	3083
526.147	2059
527.073	2571
528.585	2059
529.732	1035
529.801	11
529.882	523
532.218	2571
532.56	3083
532.711	1035
533.932	1035
535.733	1547
536.975	2571
540.226	3083
541.975	2571
544.911	1035
546.252	1035
547.5	2571
548.244	1035
549.261	1035
597.592	1035
600.49	1035
601.301	1035
605.11	3083
607.032	2571
607.287	2059
610.027	2059
610.342	11
610.416	1035
610.498	523
612.36	2571
612.981	1035
613	3083
614.114	1035
615.366	1547
617.159	2571
620.671	3083
622.265	2571
628.369	2571
665.671	1035
668.181	1035
669.578	1035
1.52962	2060
1.72531	2572
1.75949	1548
2.05824	3084
2.39781	1036
3.48634	2060
4.94712	1036
5.44928	2060
5.46375	12
5.5271	524
5.97449	1036
6.58953	2572
7.31325	1548
7.45802	2060
9.76016	2060
9.95182	1036
10.26	3084
10.3754	2572
12.2579	1548
12.3974	2060
14.0354	2572
14.0862	1036
16.9498	3084
17.4021	1548
17.5185	2572
18.2514	1036
20.8571	2572
21.7882	1036
22.2125	1548
22.9072	1036
23.4219	3084
24.1806	2572
27.5734	2572
27.8813	1548
31.0214	2572
34.4745	2572
37.8728	2572
39.477	1036
41.3985	2572
42.2088	1036
43.2547	1036
45.0663	2572
49.2235	2572
54.7089	2572
84.7539	1036
86.49	1036
87.5267	1036
105.945	3084
106.989	2572
107.02	2060
108.454	12
108.728	524
109.347	2060
109.725	1036
111.438	2572
112.261	2060
112.578	1036
112.882	3084
113.805	1036
114.39	2060
115.343	2572
116.627	2060
119.057	3084
119.158	2572
119.164	1036
119.595	2060
119.885	1548
121.963	1036
122.923	2572
123.006	1036
126.82	3084
126.998	2572
132.141	2572
169.511	1036
171.848	1036
173.1	1036
177.938	1036
178.968	1036
200.766	3084
200.938	2572
202.952	2060
203.23	12
203.498	524
204.824	1036
205.575	2572
205.941	2060
207.994	1036
208.105	3084
209.127	1036
209.685	2572
211.455	1548
213.616	2572
214.676	3084
215.777	1036
217.692	2572
219.074	1036
220.156	1036
222.081	2572
266.224	1036
268.765	1036
269.89	1036
283.509	3084
284.1	2572
285.972	2060
286.979	12
287.663	524
288.43	1036
288.795	2060
289	2572
291.068	3084
291.33	1036
292.548	1036
293.256	2572
294.51	1548
297.408	2572
297.893	3084
300.648	1036
301.86	2572
302.505	1036
303.547	1036
307.457	2572
351.403	1036
354.484	1036
355.362	1036
364.418	3084
365.211	2572
367.111	2060
368.621	12
369.279	524
370.054	2060
370.185	2572
370.205	1036
372.117	3084
372.933	1036
374.215	1036
374.498	2572
375.332	1548
378.701	2572
378.921	3084
383.291	2572
424.689	1036
427.267	1036
428.457	1036
430.792	1036
431.78	1036
444.868	3084
445.559	2572
446.765	2572
447.734	2060
449.482	12
450.162	524
450.704	2060
451.069	2572
452.548	3084
452.823	1036
455.083	1548
455.321	2572
456.158	1036
457.344	1036
459.49	3084
459.545	2572
464.137	2572
498.296	1036
499.657	1036
501.026	1036
507.239	1036
508.295	1036
510.706	1036
511.699	1036
524.592	3084
525.343	2572
527.428	2060
529.573	12
530.215	524
530.306	2572
530.465	2060
532.387	3084
532.973	1036
534.184	1548
534.611	2572

378.957	3066
429.326	1018
431.753	1018
432.929	1018
444.974	3066
447.201	2554
448.103	2042
450.265	506
450.893	1530
451.425	1018
452.025	2042
452.544	3066
454.415	1018
455.635	1018
459.176	3066
507.04	1018
509.626	1018
510.998	1018
524.54	3066
527.068	2554
527.866	2042
530.301	506
530.525	1530
531.034	1018
531.774	2042
532.121	3066
534.004	1018
535.236	1018
538.848	3066
587.415	1018
590	1018
591.278	1018
605.124	3066
607.503	2554
608.287	2042
610.676	1530
611.014	506
611.598	1018
612.383	2042
612.851	3066
614.611	1018
615.832	1018
619.618	2554
619.763	3066
622.701	1530
667.762	1018
670.354	1018
671.624	1018
1.48329	2555
1.48329	2043
1.77942	1531
2.09452	3067
2.59142	1019
3.42987	2043
3.83478	2555
5.33263	1019
5.45153	2043
5.71178	507
6.36955	1019
7.44088	2043
7.79346	1531
9.83448	2043
10.543	1019
10.598	3067
12.5071	2043
13.1592	1531
15.0973	1019
17.3186	3067
19.0662	1531
19.7309	1019
21.5588	1019
22.7209	1019
23.8868	3067
29.5375	1531
47.8208	1019
50.7948	1019
51.8584	1019
52.1411	2555
91.7669	1019
93.2013	1019
94.4553	1019
98.6983	1019
106.754	3067
108.296	2555
108.563	2043
109.053	507
110.915	2043
113.634	3067
113.939	2043
114.79	1019
116.285	2043
118.066	1019
118.824	2043
119.158	1019
119.932	3067
121.203	1531
128.843	3067
169.457	1019
171.78	1019
173.041	1019
200.776	3067
201.744	2555
203.218	1019
203.749	507
205.797	2043
206.086	1019
207.28	1019
208.15	3067
208.798	2043
214.286	1531
214.891	3067
215.008	1019
217.875	1019
218.95	1019
267.14	1019
269.932	1019
270.912	1019
275.329	1019
276.303	1019
279.018	1019
280.031	1019
283.556	3067
285.234	2555
287.847	507
289.476	2043
291.376	3067
292.36	2043
298.198	1531
298.375	3067
300.564	1019
303.961	1019
305.022	1019
356.989	1019
359.583	1019
360.904	1019
364.611	3067
366.53	2555
369.475	507
370.531	1019
371.43	2043
372.489	3067
373.168	1019
374.335	1019
374.479	2043
379.26	1531
379.604	3067
429.513	1019
432.066	1019
433.217	1019
445.096	3067
447.221	2555
450.504	507
451.714	1019
452.615	2043
452.927	3067
454.753	1019
455.673	2043
455.951	1019
459.235	1531
460.19	3067
507.852	1019
510.753	1019
511.721	1019
524.878	3067
527.012	2555
530.521	507
531.681	1019
532.784	3067
532.867	2043
534.797	1019
535.976	1019
535.987	2043
538.483	1531
540.16	3067
585.881	1019
588.515	1019
589.599	1019
605.352	3067
607.438	2555
611.165	507
611.647	1019
613.294	2043
613.343	3067
614.938	1019
616.085	1019
616.409	2043
617.837	1531
620.608	3067
668.055	1019
670.57	1019
671.923	1019
1.64175	2556
1.64578	2044
1.8262	1532
2.10305	3068
2.55346	1020
3.65141	2044
4.03149	2556
5.24225	1020
5.66779	2044
5.73746	508
6.28471	1020
7.24629	1532
7.71654	2044
10.1565	2044
10.3246	3068
10.4312	1020
12.0762	1532
12.9225	2044
14.9284	1020
16.9409	3068
17.0375	1532
19.4144	1020
21.2258	1020
22.3314	1532
22.4092	1020
23.2332	3068
28.3137	1532
34.0253	3068
34.7197	1532
46.5632	1020
49.4551	1020
50.5273	1020
91.0364	1020
93.4243	1020
94.5356	1020
106.559	2556
106.62	3068
107.559	2044
109.136	508
109.651	2556
110.112	2044
111.358	1020
113.444	3068
113.765	2044
114.277	1020
115.455	1020
116.482	2044
119.327	1532
119.771	3068
124.948	1020
126.5	1020
127.787	1020
128.115	3068
176.417	1020
179.116	1020
180.294	1020
200.795	3068
202.315	2556
203.217	2044
203.753	508
204.172	1020
207.129	1020
208.004	3068
208.276	1020
208.4	1532
214.735	3068
216.158	1020
219.186	1020
220.268	1020
272.163	1020
274.719	1020
275.835	1020
283.473	3068
285.62	2556
286.184	2044
288.108	508
289.268	2044
289.413	1020
291.129	3068
291.685	1532
292.186	1020
293.327	1020
298.09	3068
346.992	1020
349.568	1020
350.867	1020
364.444	3068
366.653	2556
367.787	2044
369.597	508
370.299	1020
371.995	3068
372.27	1532
373.27	1020
374.423	1020
378.943	3068
423.175	1020
425.778	1020
426.828	1020
430.85	1020
431.89	1020
445.111	3068
447.474	2556
447.911	2044
450.732	508
451.285	2044
452.739	1532
452.855	3068
453.386	1020
457.008	1020
458.069	1020
459.931	3068
510.217	1020
511.182	1020
513.619	1020
514.613	1020
524.682	3068
527.341	2556
528.167	2044
530.726	508
531.346	1020
532.107	1532
532.485	3068
534.216	1020
535.491	1020
539.507	3068
592.92	1020
595.571	1020
596.647	1020
605.138	3068
607.784	2556
607.949	2044
611.375	2044
611.416	508
611.759	1020
612.212	1532
612.953	3068
614.448	1020
615.605	1020
620.175	3068
669.828	1020
672.429	1020
673.296	1020
1.51717	2045
1.54098	2557
1.77558	1533
2.08971	3069
2.39563	1021
3.51815	2045
3.95098	2557
4.91189	1021
5.47474	2045
5.59411	509
5.95123	1021
6.79696	1533
7.50694	2045
9.87868	2045
10.0035	1021
11.2371	1533
11.9491	3069
12.5925	2045
14.2474	1021
15.7765	1533
18.4527	1021
19.0833	3069
20.3386	1021
20.4165	1533
21.4341	1021
25.6425	1533
27.9767	3069
30.9197	1533
37.5431	1533
40.6793	1021
43.5535	1021
44.5962	1021
84.8353	1021
87.5907	1021
88.6742	1021
92.5421	1021
93.6099	1021
106.177	2557
106.548	3069
107.271	2045
108.879	509
109.717	2045
112.509	1021
112.878	2045
114.311	3069
114.761	1533
115.192	2045
115.721	1021
116.851	1021
117.882	2045
121.273	3069
121.971	1533
127.899	1021
129.165	1021
131.739	1021
132.754	1021
177.563	1021
180.257	1021
181.237	1021
200.612	3069
201.973	2557
202.886	2045
203.718	509
203.866	1021
206.602	1021
206.729	2045
207.746	1533
207.792	1021
208.899	3069
214.388	1021
216.83	3069
217.147	1021
218.202	1021
254.287	2045
257.878	2045
265.977	1021
268.399	1021
269.311	1021
271.415	1021
272.419	1021
274.914	1021
275.947	1021
283.647	3069
285.773	2557
287.543	509
289.419	1533
292.518	3069
294.989	1021
298.379	1021
299.524	1021
301.104	1533
301.932	3069
346.634	1021
349.238	1021
350.415	1021
364.707	3069
366.284	2045
367.117	2557
369.113	2045
369.146	509
369.303	1021
372.152	1021
373.437	1021
373.571	3069
373.631	1533
382.007	1533
383.454	1021
385.687	1021
386.742	1021
391.767	509
393.015	509
434.912	1021
437.738	1021
438.701	1021
445.161	3069
447.759	2557
447.889	2045
450.445	1021
451.179	2045
453.097	1021
453.736	1533
453.996	3069
454.304	1021
502.62	1021
505.111	1021
506.054	1021
524.727	3069
527.564	2045
527.569	2557
528.71	509
529.31	1021
530.496	1533
531.13	2045
532.396	1021
533.583	1021
533.616	3069
534.302	2557
540.796	1533
541.959	1021
543.558	1021
544.243	3069
544.752	1021
594.291	1021
597.06	1021
598.078	1021
605.444	3069
608.112	2045
609.717	2557
610.608	1021
610.741	509
611.712	2045
613.227	1533
613.305	1021
614.458	1021
614.641	3069
623.265	1533
665.497	1021
668.012	1021
669.312	1021
674.62	1021
675.628	1021
1.45779	2046
1.5221	2558
1.7776	1534
2.08686	3070
2.43172	1022
3.42328	2046
3.86059	2558
5.00563	1022
5.40538	2046
5.52199	510
6.06044	1022
7.16341	1534
7.4225	2046
9.78263	2046
10.1523	1022
12.0089	1534
12.4559	2046
13.9786	3070
14.5098	1022
16.987	1534
18.857	1022
20.4263	1022
21.9364	3070
22.3531	1022
22.5179	1534
23.3759	1022
28.851	1534
40.5325	2558
44.4405	1022
45.9939	1022
47.2401	1022
87.3798	1022
89.8798	1022
91.0094	1022
92.4346	1022
93.5076	1022
105.973	3070
106.413	2558
107.155	2046
108.454	510
109.446	2046
112.284	2046
113.245	1022
114.342	2046
114.544	3070
116.484	2046
116.712	1022
117.394	1534
117.901	1022
119.068	2046
121.872	3070
133.923	1022
135.695	1022
136.746	1022
180.514	1022
183.354	1022
184.233	1022
200.824	3070
201.14	2558
202.765	2046
203.363	510
204.715	1022
205.936	2046
207.577	1022
207.67	1534
208.709	1022
210.431	3070
216.771	1022
219.531	1022
220.605	1022
270.127	1022
272.901	1022
273.774	1022
277.605	1022
278.626	1022
283.607	3070
284.313	2558
285.608	2046
287.183	510
288.455	2046
291.382	1534
293.51	1022
294.019	3070
296.34	1022
297.499	1022
338.568	2046
342.43	2046
346.758	1022
349.423	1022
350.383	1022
364.517	3070
365.47	2558
368.633	510
369.629	1022
372.353	1534
372.484	1022
373.642	1022
374.988	3070
389.498	1022
391.429	1022
392.506	1022
438.081	1022
440.949	1022
441.898	1022
444.848	3070
446.056	2558
446.452	2046
448.922	2046
449.615	510
451.073	1022
452.696	1534
453.719	1022
454.855	1022
455.571	3070
455.659	2046
507.887	1022
510.337	1022
511.579	1022
517.228	1022
518.263	1022
521.069	1022
522.103	1022
524.587	3070
525.75	2558
527.741	2046
529.767	510
531.673	1534
535.508	3070
540.774	1022
543.666	1022
544.789	1022
594.074	1022
596.811	1022
597.761	1022
605.122	3070
606.111	2558
607.169	2046
609.875	2046
610.279	510
611.347	1022
611.924	1534
614.085	1022
615.336	1022
615.977	3070
664.714	1022
667.236	1022
668.173	1022
670.215	1022
671.261	1022
677.341	2558
1.51705	2559
1.54335	2047
1.77297	1535
2.09492	3071
2.44913	1023
3.54764	2047
3.8797	2559
5.01658	1023
5.49768	511
5.51338	2047
6.06885	1023
7.11945	1535
7.53506	2047
9.90583	2047
10.0535	3071
10.1407	1023
11.8745	1535
12.5436	2047
14.4501	1023
16.4424	3071
16.869	1535
18.77	1023
20.5952	1023
21.7562	1023
22.1511	1535
22.6696	3071
28.2991	1535
30.3053	3071
42.6644	1023
44.5064	1023
45.5602	1023
48.4699	2559
84.9018	1023
87.7983	1023
88.822	1023
92.5331	1023
93.5803	1023
95.9419	1023
96.9466	1023
106.805	3071
106.995	2047
108.093	2559
108.566	511
109.381	2047
112.418	2047
113.465	3071
114.672	2047
115.596	1023
117.212	2047
118.071	1535
119.412	1023
119.554	3071
120.543	1023
126.596	3071
167.434	1023
169.773	1023
171.03	1023
200.768	3071
201.935	2559
202.16	1023
202.465	2047
203.372	511
204.807	1023
205.741	2047
206.021	1023
207.729	3071
209.307	1535
209.661	2047
211.753	1023
214.004	3071
214.556	1023
215.616	1023
266.337	1023
269.039	1023
270.194	1023
283.401	3071
285.364	2559
285.839	2047
287.274	511
288.838	1023
289.159	2047
290.685	3071
291.777	1023
292.776	1535
293.068	1023
297.122	3071
342.322	1023
344.915	1023
346.443	1023
364.34	3071
366.55	2047
366.804	2559
368.802	511
369.336	1023
369.648	2047
371.558	3071
372.418	1023
373.371	1535
373.691	1023
378.093	3071
383.057	1023
385.817	1023
386.883	1023
434.904	1023
437.69	1023
438.679	1023
445.015	3071
447.096	2047
447.516	2559
448.451	2559
449.881	511
450.256	2047
450.831	1023
452.403	3071
453.422	1535
453.549	1023
454.731	1023
459.086	3071
494.528	2559
507.418	1023
510	1023
511.131	1023
524.511	3071
526.782	2047
529.794	511
529.987	2047
530.263	1023
531.931	3071
532.25	1535
533.117	1023
534.357	1023
538.649	3071
539.583	1023
540.999	1023
543.257	1023
544.295	1023
546.732	2559
595.916	1023
598.733	1023
599.756	1023
605	3071
607.173	2047
609.247	2559
610.382	2047
610.398	511
611.268	1023
612.463	3071
612.509	1535
613.907	1023
615.159	1023
619.137	3071
667.953	1023
670.271	1023
671.464	1023
