   -7.0000018242e+01
   -6.9999496690e+01
   -6.9999496690e+01
   -6.9999496690e+01
   -6.9999496690e+01
   -6.9999496690e+01
   -6.9999496690e+01
   -6.9999496690e+01
   -6.9999496690e+01
   -6.9999496250e+01
   -6.9999496250e+01
   -6.9999496250e+01
   -6.9999496250e+01
   -6.9999497173e+01
   -6.9999497173e+01
   -6.9999497173e+01
   -6.9999497173e+01
   -6.9999497173e+01
   -6.9999497173e+01
   -6.9999497173e+01
   -6.9999497173e+01
   -6.9999497173e+01
   -6.9999497173e+01
   -6.9999497173e+01
   -6.9999497173e+01
   -6.9999497173e+01
   -6.9999497173e+01
   -6.9999497173e+01
   -6.9999497173e+01
   -6.9999497173e+01
   -6.9999497173e+01
   -6.9999497173e+01
   -6.9999497173e+01
   -6.9999497173e+01
   -6.9999497173e+01
   -6.9999497173e+01
   -6.9999497173e+01
   -6.9999499400e+01
   -6.9999496262e+01
   -6.9999497170e+01
   -6.9999497173e+01
   -6.9999497173e+01
   -6.9999497173e+01
   -6.9999497173e+01
   -6.9999497173e+01
   -6.9999497173e+01
   -6.9999497173e+01
   -6.9999497173e+01
   -6.9999497173e+01
   -6.9999497173e+01
   -6.9999497173e+01
   -6.9999497173e+01
   -6.9999497173e+01
   -6.9999497173e+01
   -6.9999497173e+01
   -6.9999497173e+01
   -6.9999497173e+01
   -6.9999497173e+01
   -6.9999497173e+01
   -6.9999497173e+01
   -6.9999497173e+01
   -6.9999497173e+01
   -6.9999497173e+01
   -6.9999497173e+01
   -6.9999497173e+01
   -6.9999497173e+01
   -6.9999497173e+01
   -6.9999497173e+01
   -7.0000000569e+01
   -7.0000000003e+01
   -7.0000000000e+01
   -7.0000000000e+01
   -7.0000000000e+01
   -7.0000000000e+01
   -6.9695834516e+01
   -6.9674730052e+01
   -6.9674730052e+01
   -6.9674730052e+01
   -6.9674730052e+01
   -6.9674730052e+01
   -6.9674730052e+01
   -6.9674730052e+01
   -6.9674730052e+01
   -6.9670738685e+01
   -6.9670738685e+01
   -6.9670738685e+01
   -6.9670738685e+01
   -6.9736541532e+01
   -6.9736541532e+01
   -6.9736541532e+01
   -6.9736541532e+01
   -6.9736541532e+01
   -6.9736541532e+01
   -6.9736541532e+01
   -6.9736541532e+01
   -6.9736014237e+01
   -6.9736014237e+01
   -6.9736014237e+01
   -6.9736014237e+01
   -6.9743969306e+01
   -6.9743969306e+01
   -6.9743969306e+01
   -6.9743969306e+01
   -6.9743969306e+01
   -6.9743969306e+01
   -6.9743969306e+01
   -6.9743969306e+01
   -6.9743899041e+01
   -6.9743899041e+01
   -6.9743899041e+01
   -6.9743899041e+01
   -6.9678958774e+01
   -6.9685338997e+01
   -6.9719961096e+01
   -6.9736904648e+01
   -6.9736904648e+01
   -6.9742609675e+01
   -6.9742609675e+01
   -6.9744597589e+01
   -6.9744597589e+01
   -6.9744597589e+01
   -6.9744597589e+01
   -6.9744597589e+01
   -6.9744597589e+01
   -6.9744597589e+01
   -6.9744597589e+01
   -6.9744993510e+01
   -6.9744993510e+01
   -6.9744993510e+01
   -6.9744993510e+01
   -6.9744993510e+01
   -6.9744993510e+01
   -6.9744993510e+01
   -6.9744993510e+01
   -6.9745056349e+01
   -6.9745056349e+01
   -6.9745056349e+01
   -6.9745056349e+01
   -6.9745056349e+01
   -6.9745056349e+01
   -6.9745056349e+01
   -6.9745056349e+01
   -6.9730404671e+01
   -6.9819383506e+01
   -6.9877806065e+01
   -6.9895285606e+01
   -6.9877806065e+01
   -6.9895285606e+01
   -6.9373876347e+01
   -6.9347319412e+01
   -6.9347319412e+01
   -6.9347319412e+01
   -6.9347319412e+01
   -6.9347319412e+01
   -6.9347319412e+01
   -6.9347319412e+01
   -6.9347319412e+01
   -6.9341738789e+01
   -6.9341738789e+01
   -6.9341738789e+01
   -6.9341738789e+01
   -6.9461348221e+01
   -6.9461348221e+01
   -6.9461348221e+01
   -6.9461348221e+01
   -6.9461348221e+01
   -6.9461348221e+01
   -6.9461348221e+01
   -6.9461348221e+01
   -6.9460087508e+01
   -6.9460087508e+01
   -6.9460087508e+01
   -6.9460087508e+01
   -6.9483919423e+01
   -6.9483919423e+01
   -6.9483919423e+01
   -6.9483919423e+01
   -6.9483919423e+01
   -6.9483919423e+01
   -6.9483919423e+01
   -6.9483919423e+01
   -6.9483633595e+01
   -6.9483633595e+01
   -6.9483633595e+01
   -6.9483633595e+01
   -6.9355174831e+01
   -6.9370003347e+01
   -6.9424458480e+01
   -6.9460948945e+01
   -6.9460948945e+01
   -6.9478199047e+01
   -6.9478199047e+01
   -6.9486743043e+01
   -6.9486743043e+01
   -6.9486743043e+01
   -6.9486743043e+01
   -6.9486743043e+01
   -6.9486743043e+01
   -6.9486743043e+01
   -6.9486743043e+01
   -6.9489255271e+01
   -6.9489255271e+01
   -6.9489255271e+01
   -6.9489255271e+01
   -6.9489255271e+01
   -6.9489255271e+01
   -6.9489255271e+01
   -6.9489255271e+01
   -6.9489814979e+01
   -6.9489814979e+01
   -6.9489814979e+01
   -6.9489814979e+01
   -6.9489814979e+01
   -6.9489814979e+01
   -6.9489814979e+01
   -6.9489814979e+01
   -6.9424744595e+01
   -6.9575738942e+01
   -6.9701063820e+01
   -6.9747897322e+01
   -6.9701063820e+01
   -6.9747897322e+01
   -6.9075829652e+01
   -6.9040968268e+01
   -6.9040968268e+01
   -6.9040968268e+01
   -6.9040968268e+01
   -6.9040968268e+01
   -6.9040968268e+01
   -6.9040968268e+01
   -6.9040968268e+01
   -6.9034015279e+01
   -6.9034015279e+01
   -6.9034015279e+01
   -6.9034015279e+01
   -6.9186317939e+01
   -6.9186317939e+01
   -6.9186317939e+01
   -6.9186317939e+01
   -6.9186317939e+01
   -6.9186317939e+01
   -6.9186317939e+01
   -6.9186317939e+01
   -6.9184293637e+01
   -6.9184293637e+01
   -6.9184293637e+01
   -6.9184293637e+01
   -6.9224085656e+01
   -6.9224085656e+01
   -6.9224085656e+01
   -6.9224085656e+01
   -6.9224085656e+01
   -6.9224085656e+01
   -6.9224085656e+01
   -6.9224085656e+01
   -6.9223486859e+01
   -6.9223486859e+01
   -6.9223486859e+01
   -6.9223486859e+01
   -6.9054871683e+01
   -6.9072256232e+01
   -6.9135456660e+01
   -6.9185224566e+01
   -6.9185224566e+01
   -6.9213408285e+01
   -6.9213408285e+01
   -6.9230144715e+01
   -6.9230144715e+01
   -6.9230144715e+01
   -6.9230144715e+01
   -6.9230144715e+01
   -6.9230144715e+01
   -6.9230144715e+01
   -6.9230144715e+01
   -6.9236159449e+01
   -6.9236159449e+01
   -6.9236159449e+01
   -6.9236159449e+01
   -6.9236159449e+01
   -6.9236159449e+01
   -6.9236159449e+01
   -6.9236159449e+01
   -6.9237732279e+01
   -6.9237732279e+01
   -6.9237732279e+01
   -6.9237732279e+01
   -6.9237732279e+01
   -6.9237732279e+01
   -6.9237732279e+01
   -6.9237732279e+01
   -6.9140856932e+01
   -6.9344489591e+01
   -6.9529729430e+01
   -6.9605390598e+01
   -6.9529729430e+01
   -6.9605390598e+01
   -6.8793392231e+01
   -6.8750713565e+01
   -6.8750713565e+01
   -6.8750713565e+01
   -6.8750713565e+01
   -6.8750713565e+01
   -6.8750713565e+01
   -6.8750713565e+01
   -6.8750713565e+01
   -6.8742283582e+01
   -6.8742283582e+01
   -6.8742283582e+01
   -6.8742283582e+01
   -6.8913899089e+01
   -6.8913899089e+01
   -6.8913899089e+01
   -6.8913899089e+01
   -6.8913899089e+01
   -6.8913899089e+01
   -6.8913899089e+01
   -6.8913899089e+01
   -6.8911043771e+01
   -6.8911043771e+01
   -6.8911043771e+01
   -6.8911043771e+01
   -6.8964334533e+01
   -6.8964334533e+01
   -6.8964334533e+01
   -6.8964334533e+01
   -6.8964334533e+01
   -6.8964334533e+01
   -6.8964334533e+01
   -6.8964334533e+01
   -6.8963305649e+01
   -6.8963305649e+01
   -6.8963305649e+01
   -6.8963305649e+01
   -6.8770404903e+01
   -6.8787817407e+01
   -6.8855110999e+01
   -6.8913095363e+01
   -6.8913095363e+01
   -6.8949965011e+01
   -6.8949965011e+01
   -6.8974816675e+01
   -6.8974816675e+01
   -6.8974816675e+01
   -6.8974816675e+01
   -6.8974816675e+01
   -6.8974816675e+01
   -6.8974816675e+01
   -6.8974816675e+01
   -6.8985350343e+01
   -6.8985350343e+01
   -6.8985350343e+01
   -6.8985350343e+01
   -6.8985350343e+01
   -6.8985350343e+01
   -6.8985350343e+01
   -6.8985350343e+01
   -6.8988529707e+01
   -6.8988529707e+01
   -6.8988529707e+01
   -6.8988529707e+01
   -6.8988529707e+01
   -6.8988529707e+01
   -6.8988529707e+01
   -6.8988529707e+01
   -6.8870612850e+01
   -6.9119193017e+01
   -6.9356020361e+01
   -6.9457302729e+01
   -6.9356020361e+01
   -6.9457302729e+01
   -6.8516031643e+01
   -6.8466842684e+01
   -6.8466842684e+01
   -6.8466842684e+01
   -6.8466842684e+01
   -6.8466842684e+01
   -6.8466842684e+01
   -6.8466842684e+01
   -6.8466842684e+01
   -6.8456921609e+01
   -6.8456921609e+01
   -6.8456921609e+01
   -6.8456921609e+01
   -6.8643186108e+01
   -6.8643186108e+01
   -6.8643186108e+01
   -6.8643186108e+01
   -6.8643186108e+01
   -6.8643186108e+01
   -6.8643186108e+01
   -6.8643186108e+01
   -6.8639454037e+01
   -6.8639454037e+01
   -6.8639454037e+01
   -6.8639454037e+01
   -6.8704423191e+01
   -6.8704423191e+01
   -6.8704423191e+01
   -6.8704423191e+01
   -6.8704423191e+01
   -6.8704423191e+01
   -6.8704423191e+01
   -6.8704423191e+01
   -6.8702888648e+01
   -6.8702888648e+01
   -6.8702888648e+01
   -6.8702888648e+01
   -6.8491352805e+01
   -6.8508565729e+01
   -6.8579253589e+01
   -6.8643433843e+01
   -6.8643433843e+01
   -6.8687576574e+01
   -6.8687576574e+01
   -6.8720096691e+01
   -6.8720096691e+01
   -6.8720096691e+01
   -6.8720096691e+01
   -6.8720096691e+01
   -6.8720096691e+01
   -6.8720096691e+01
   -6.8720096691e+01
   -6.8735589506e+01
   -6.8735589506e+01
   -6.8735589506e+01
   -6.8735589506e+01
   -6.8735589506e+01
   -6.8735589506e+01
   -6.8735589506e+01
   -6.8735589506e+01
   -6.8740721376e+01
   -6.8740721376e+01
   -6.8740721376e+01
   -6.8740721376e+01
   -6.8740721376e+01
   -6.8740721376e+01
   -6.8740721376e+01
   -6.8740721376e+01
   -6.8604234398e+01
   -6.8893282045e+01
   -6.9176578571e+01
   -6.9301131403e+01
   -6.9176578571e+01
   -6.9301131403e+01
   -6.8241667026e+01
   -6.8186677065e+01
   -6.8186677065e+01
   -6.8186677065e+01
   -6.8186677065e+01
   -6.8186677065e+01
   -6.8186677065e+01
   -6.8186677065e+01
   -6.8186677065e+01
   -6.8175352637e+01
   -6.8175352637e+01
   -6.8175352637e+01
   -6.8175352637e+01
   -6.8374320838e+01
   -6.8374320838e+01
   -6.8374320838e+01
   -6.8374320838e+01
   -6.8374320838e+01
   -6.8374320838e+01
   -6.8374320838e+01
   -6.8374320838e+01
   -6.8369685179e+01
   -6.8369685179e+01
   -6.8369685179e+01
   -6.8369685179e+01
   -6.8444705879e+01
   -6.8444705879e+01
   -6.8444705879e+01
   -6.8444705879e+01
   -6.8444705879e+01
   -6.8444705879e+01
   -6.8444705879e+01
   -6.8444705879e+01
   -6.8442593490e+01
   -6.8442593490e+01
   -6.8442593490e+01
   -6.8442593490e+01
   -6.8215534349e+01
   -6.8232655159e+01
   -6.8306739681e+01
   -6.8376349914e+01
   -6.8376349914e+01
   -6.8426842340e+01
   -6.8426842340e+01
   -6.8466377210e+01
   -6.8466377210e+01
   -6.8466377210e+01
   -6.8466377210e+01
   -6.8466377210e+01
   -6.8466377210e+01
   -6.8466377210e+01
   -6.8466377210e+01
   -6.8486889028e+01
   -6.8486889028e+01
   -6.8486889028e+01
   -6.8486889028e+01
   -6.8486889028e+01
   -6.8486889028e+01
   -6.8486889028e+01
   -6.8486889028e+01
   -6.8494170850e+01
   -6.8494170850e+01
   -6.8494170850e+01
   -6.8494170850e+01
   -6.8494170850e+01
   -6.8494170850e+01
   -6.8494170850e+01
   -6.8494170850e+01
   -6.8339852391e+01
   -6.8665566790e+01
   -6.8990828353e+01
   -6.9136376365e+01
   -6.8990828353e+01
   -6.9136376365e+01
   -6.7969078159e+01
   -6.7908707602e+01
   -6.7908707602e+01
   -6.7908707602e+01
   -6.7908707602e+01
   -6.7908707602e+01
   -6.7908707602e+01
   -6.7908707602e+01
   -6.7908707602e+01
   -6.7896031823e+01
   -6.7896031823e+01
   -6.7896031823e+01
   -6.7896031823e+01
   -6.8106550728e+01
   -6.8106550728e+01
   -6.8106550728e+01
   -6.8106550728e+01
   -6.8106550728e+01
   -6.8106550728e+01
   -6.8106550728e+01
   -6.8106550728e+01
   -6.8100995578e+01
   -6.8100995578e+01
   -6.8100995578e+01
   -6.8100995578e+01
   -6.8185103570e+01
   -6.8185103570e+01
   -6.8185103570e+01
   -6.8185103570e+01
   -6.8185103570e+01
   -6.8185103570e+01
   -6.8185103570e+01
   -6.8185103570e+01
   -6.8182370550e+01
   -6.8182370550e+01
   -6.8182370550e+01
   -6.8182370550e+01
   -6.7941632512e+01
   -6.7958724905e+01
   -6.8036207509e+01
   -6.8110793756e+01
   -6.8110793756e+01
   -6.8167088575e+01
   -6.8167088575e+01
   -6.8213250741e+01
   -6.8213250741e+01
   -6.8213250741e+01
   -6.8213250741e+01
   -6.8213250741e+01
   -6.8213250741e+01
   -6.8213250741e+01
   -6.8213250741e+01
   -6.8238817038e+01
   -6.8238817038e+01
   -6.8238817038e+01
   -6.8238817038e+01
   -6.8238817038e+01
   -6.8238817038e+01
   -6.8238817038e+01
   -6.8238817038e+01
   -6.8248365840e+01
   -6.8248365840e+01
   -6.8248365840e+01
   -6.8248365840e+01
   -6.8248365840e+01
   -6.8248365840e+01
   -6.8248365840e+01
   -6.8248365840e+01
   -6.8076653701e+01
   -6.8436782112e+01
   -6.8801339051e+01
   -6.8966533651e+01
   -6.8801339051e+01
   -6.8966533651e+01
   -6.7699856793e+01
   -6.7634172115e+01
   -6.7634172115e+01
   -6.7634172115e+01
   -6.7634172115e+01
   -6.7634172115e+01
   -6.7634172115e+01
   -6.7634172115e+01
   -6.7634172115e+01
   -6.7620230150e+01
   -6.7620230150e+01
   -6.7620230150e+01
   -6.7620230150e+01
   -6.7841036298e+01
   -6.7841036298e+01
   -6.7841036298e+01
   -6.7841036298e+01
   -6.7841036298e+01
   -6.7841036298e+01
   -6.7841036298e+01
   -6.7841036298e+01
   -6.7834547779e+01
   -6.7834547779e+01
   -6.7834547779e+01
   -6.7834547779e+01
   -6.7926392383e+01
   -6.7926392383e+01
   -6.7926392383e+01
   -6.7926392383e+01
   -6.7926392383e+01
   -6.7926392383e+01
   -6.7926392383e+01
   -6.7926392383e+01
   -6.7922972679e+01
   -6.7922972679e+01
   -6.7922972679e+01
   -6.7922972679e+01
   -6.7671260374e+01
   -6.7688288479e+01
   -6.7769077411e+01
   -6.7848206479e+01
   -6.7848206479e+01
   -6.7909667373e+01
   -6.7909667373e+01
   -6.7961824091e+01
   -6.7961824091e+01
   -6.7961824091e+01
   -6.7961824091e+01
   -6.7961824091e+01
   -6.7961824091e+01
   -6.7961824091e+01
   -6.7961824091e+01
   -6.7992272808e+01
   -6.7992272808e+01
   -6.7992272808e+01
   -6.7992272808e+01
   -6.7992272808e+01
   -6.7992272808e+01
   -6.7992272808e+01
   -6.7992272808e+01
   -6.8004143344e+01
   -6.8004143344e+01
   -6.8004143344e+01
   -6.8004143344e+01
   -6.8004143344e+01
   -6.8004143344e+01
   -6.8004143344e+01
   -6.8004143344e+01
   -6.7816085282e+01
   -6.8207869952e+01
   -6.8608418010e+01
   -6.8791526145e+01
   -6.8608418010e+01
   -6.8791526145e+01
   -6.7431623418e+01
   -6.7360644122e+01
   -6.7360644122e+01
   -6.7360644122e+01
   -6.7360644122e+01
   -6.7360644122e+01
   -6.7360644122e+01
   -6.7360644122e+01
   -6.7360644122e+01
   -6.7345460960e+01
   -6.7345460960e+01
   -6.7345460960e+01
   -6.7345460960e+01
   -6.7576183662e+01
   -6.7576183662e+01
   -6.7576183662e+01
   -6.7576183662e+01
   -6.7576183662e+01
   -6.7576183662e+01
   -6.7576183662e+01
   -6.7576183662e+01
   -6.7568757701e+01
   -6.7568757701e+01
   -6.7568757701e+01
   -6.7568757701e+01
   -6.7667942641e+01
   -6.7667942641e+01
   -6.7667942641e+01
   -6.7667942641e+01
   -6.7667942641e+01
   -6.7667942641e+01
   -6.7667942641e+01
   -6.7667942641e+01
   -6.7663816875e+01
   -6.7663816875e+01
   -6.7663816875e+01
   -6.7663816875e+01
   -6.7401923815e+01
   -6.7418877107e+01
   -6.7502945448e+01
   -6.7586490244e+01
   -6.7586490244e+01
   -6.7652930523e+01
   -6.7652930523e+01
   -6.7710896151e+01
   -6.7710896151e+01
   -6.7710896151e+01
   -6.7710896151e+01
   -6.7710896151e+01
   -6.7710896151e+01
   -6.7710896151e+01
   -6.7710896151e+01
   -6.7746176808e+01
   -6.7746176808e+01
   -6.7746176808e+01
   -6.7746176808e+01
   -6.7746176808e+01
   -6.7746176808e+01
   -6.7746176808e+01
   -6.7746176808e+01
   -6.7760385141e+01
   -6.7760385141e+01
   -6.7760385141e+01
   -6.7760385141e+01
   -6.7760385141e+01
   -6.7760385141e+01
   -6.7760385141e+01
   -6.7760385141e+01
   -6.7556288558e+01
   -6.7978920391e+01
   -6.8414490131e+01
   -6.8615003340e+01
   -6.8414490131e+01
   -6.8615003340e+01
   -6.7168137015e+01
   -6.7091210888e+01
   -6.7091210888e+01
   -6.7091210888e+01
   -6.7091210888e+01
   -6.7091210888e+01
   -6.7091210888e+01
   -6.7091210888e+01
   -6.7091210888e+01
   -6.7074825310e+01
   -6.7074825310e+01
   -6.7074825310e+01
   -6.7074825310e+01
   -6.7314210670e+01
   -6.7314210670e+01
   -6.7314210670e+01
   -6.7314210670e+01
   -6.7314210670e+01
   -6.7314210670e+01
   -6.7314210670e+01
   -6.7314210670e+01
   -6.7305833133e+01
   -6.7305833133e+01
   -6.7305833133e+01
   -6.7305833133e+01
   -6.7411189531e+01
   -6.7411189531e+01
   -6.7411189531e+01
   -6.7411189531e+01
   -6.7411189531e+01
   -6.7411189531e+01
   -6.7411189531e+01
   -6.7411189531e+01
   -6.7406296890e+01
   -6.7406296890e+01
   -6.7406296890e+01
   -6.7406296890e+01
   -6.7137528051e+01
   -6.7153967968e+01
   -6.7240973096e+01
   -6.7328450652e+01
   -6.7328450652e+01
   -6.7399294933e+01
   -6.7399294933e+01
   -6.7462446236e+01
   -6.7462446236e+01
   -6.7462446236e+01
   -6.7462446236e+01
   -6.7462446236e+01
   -6.7462446236e+01
   -6.7462446236e+01
   -6.7462446236e+01
   -6.7502237075e+01
   -6.7502237075e+01
   -6.7502237075e+01
   -6.7502237075e+01
   -6.7502237075e+01
   -6.7502237075e+01
   -6.7502237075e+01
   -6.7502237075e+01
   -6.7518721266e+01
   -6.7518721266e+01
   -6.7518721266e+01
   -6.7518721266e+01
   -6.7518721266e+01
   -6.7518721266e+01
   -6.7518721266e+01
   -6.7518721266e+01
   -6.7300399691e+01
   -6.7750771101e+01
   -6.8217764107e+01
   -6.8433861486e+01
   -6.8217764107e+01
   -6.8433861486e+01
   -6.6905072021e+01
   -6.6822141163e+01
   -6.6822141163e+01
   -6.6822141163e+01
   -6.6822141163e+01
   -6.6822141163e+01
   -6.6822141163e+01
   -6.6822141163e+01
   -6.6822141163e+01
   -6.6804556611e+01
   -6.6804556611e+01
   -6.6804556611e+01
   -6.6804556611e+01
   -6.7052493315e+01
   -6.7052493315e+01
   -6.7052493315e+01
   -6.7052493315e+01
   -6.7052493315e+01
   -6.7052493315e+01
   -6.7052493315e+01
   -6.7052493315e+01
   -6.7043162948e+01
   -6.7043162948e+01
   -6.7043162948e+01
   -6.7043162948e+01
   -6.7154587038e+01
   -6.7154587038e+01
   -6.7154587038e+01
   -6.7154587038e+01
   -6.7154587038e+01
   -6.7154587038e+01
   -6.7154587038e+01
   -6.7154587038e+01
   -6.7148922123e+01
   -6.7148922123e+01
   -6.7148922123e+01
   -6.7148922123e+01
   -6.6873570901e+01
   -6.6889458509e+01
   -6.6979370009e+01
   -6.7070737451e+01
   -6.7070737451e+01
   -6.7145934653e+01
   -6.7145934653e+01
   -6.7214216306e+01
   -6.7214216306e+01
   -6.7214216306e+01
   -6.7214216306e+01
   -6.7214216306e+01
   -6.7214216306e+01
   -6.7214216306e+01
   -6.7214216306e+01
   -6.7258488763e+01
   -6.7258488763e+01
   -6.7258488763e+01
   -6.7258488763e+01
   -6.7258488763e+01
   -6.7258488763e+01
   -6.7258488763e+01
   -6.7258488763e+01
   -6.7277243313e+01
   -6.7277243313e+01
   -6.7277243313e+01
   -6.7277243313e+01
   -6.7277243313e+01
   -6.7277243313e+01
   -6.7277243313e+01
   -6.7277243313e+01
   -6.7044857740e+01
   -6.7522692855e+01
   -6.8020789680e+01
   -6.8252309580e+01
   -6.8020789680e+01
   -6.8252309580e+01
   -6.6642403443e+01
   -6.6553411426e+01
   -6.6553411426e+01
   -6.6553411426e+01
   -6.6553411426e+01
   -6.6553411426e+01
   -6.6553411426e+01
   -6.6553411426e+01
   -6.6553411426e+01
   -6.6534631688e+01
   -6.6534631688e+01
   -6.6534631688e+01
   -6.6534631688e+01
   -6.6791064617e+01
   -6.6791064617e+01
   -6.6791064617e+01
   -6.6791064617e+01
   -6.6791064617e+01
   -6.6791064617e+01
   -6.6791064617e+01
   -6.6791064617e+01
   -6.6780780412e+01
   -6.6780780412e+01
   -6.6780780412e+01
   -6.6780780412e+01
   -6.6898195450e+01
   -6.6898195450e+01
   -6.6898195450e+01
   -6.6898195450e+01
   -6.6898195450e+01
   -6.6898195450e+01
   -6.6898195450e+01
   -6.6898195450e+01
   -6.6891753545e+01
   -6.6891753545e+01
   -6.6891753545e+01
   -6.6891753545e+01
   -6.6610028637e+01
   -6.6625345552e+01
   -6.6718156856e+01
   -6.6813388377e+01
   -6.6813388377e+01
   -6.6892899082e+01
   -6.6892899082e+01
   -6.6966261977e+01
   -6.6966261977e+01
   -6.6966261977e+01
   -6.6966261977e+01
   -6.6966261977e+01
   -6.6966261977e+01
   -6.6966261977e+01
   -6.6966261977e+01
   -6.7014981077e+01
   -6.7014981077e+01
   -6.7014981077e+01
   -6.7014981077e+01
   -6.7014981077e+01
   -6.7014981077e+01
   -6.7014981077e+01
   -6.7014981077e+01
   -6.7035993236e+01
   -6.7035993236e+01
   -6.7035993236e+01
   -6.7035993236e+01
   -6.7035993236e+01
   -6.7035993236e+01
   -6.7035993236e+01
   -6.7035993236e+01
   -6.6789650420e+01
   -6.7294733300e+01
   -6.7823693467e+01
   -6.8070515136e+01
   -6.7823693467e+01
   -6.8070515136e+01
   -6.6384868029e+01
   -6.6289084185e+01
   -6.6289084185e+01
   -6.6289084185e+01
   -6.6289084185e+01
   -6.6289084185e+01
   -6.6289084185e+01
   -6.6289084185e+01
   -6.6289084185e+01
   -6.6269158301e+01
   -6.6269158301e+01
   -6.6269158301e+01
   -6.6269158301e+01
   -6.6533373711e+01
   -6.6533373711e+01
   -6.6533373711e+01
   -6.6533373711e+01
   -6.6533373711e+01
   -6.6533373711e+01
   -6.6533373711e+01
   -6.6533373711e+01
   -6.6522122627e+01
   -6.6522122627e+01
   -6.6522122627e+01
   -6.6522122627e+01
   -6.6644534861e+01
   -6.6644534861e+01
   -6.6644534861e+01
   -6.6644534861e+01
   -6.6644534861e+01
   -6.6644534861e+01
   -6.6644534861e+01
   -6.6644534861e+01
   -6.6637254884e+01
   -6.6637254884e+01
   -6.6637254884e+01
   -6.6637254884e+01
   -6.6351858695e+01
