   -6.9998988344e+01
   -6.9999495818e+01
   -6.9999495818e+01
   -6.9999495818e+01
   -6.9999495818e+01
   -6.9999495818e+01
   -6.9999495818e+01
   -6.9999495818e+01
   -6.9999495818e+01
   -6.9999496247e+01
   -6.9999496247e+01
   -6.9999496247e+01
   -6.9999496247e+01
   -6.9999497173e+01
   -6.9999497173e+01
   -6.9999497173e+01
   -6.9999497173e+01
   -6.9999497173e+01
   -6.9999497173e+01
   -6.9999497173e+01
   -6.9999497173e+01
   -6.9999497173e+01
   -6.9999497173e+01
   -6.9999497173e+01
   -6.9999497173e+01
   -6.9999497173e+01
   -6.9999497173e+01
   -6.9999497173e+01
   -6.9999497173e+01
   -6.9999497173e+01
   -6.9999497173e+01
   -6.9999497173e+01
   -6.9999497173e+01
   -6.9999497173e+01
   -6.9999497173e+01
   -6.9999497173e+01
   -6.9999497173e+01
   -6.9999492486e+01
   -6.9999496237e+01
   -6.9999497170e+01
   -6.9999497173e+01
   -6.9999497173e+01
   -6.9999497173e+01
   -6.9999497173e+01
   -6.9999497173e+01
   -6.9999497173e+01
   -6.9999497173e+01
   -6.9999497173e+01
   -6.9999497173e+01
   -6.9999497173e+01
   -6.9999497173e+01
   -6.9999497173e+01
   -6.9999497173e+01
   -6.9999497173e+01
   -6.9999497173e+01
   -6.9999497173e+01
   -6.9999497173e+01
   -6.9999497173e+01
   -6.9999497173e+01
   -6.9999497173e+01
   -6.9999497173e+01
   -6.9999497173e+01
   -6.9999497173e+01
   -6.9999497173e+01
   -6.9999497173e+01
   -6.9999497173e+01
   -6.9999497173e+01
   -6.9999497173e+01
   -6.9999968421e+01
   -6.9999999845e+01
   -7.0000000000e+01
   -7.0000000000e+01
   -7.0000000000e+01
   -7.0000000000e+01
   -6.9611559548e+01
   -6.9654944063e+01
   -6.9654944063e+01
   -6.9654944063e+01
   -6.9654944063e+01
   -6.9654944063e+01
   -6.9654944063e+01
   -6.9654944063e+01
   -6.9654944063e+01
   -6.9662393202e+01
   -6.9662393202e+01
   -6.9662393202e+01
   -6.9662393202e+01
   -6.9734217776e+01
   -6.9734217776e+01
   -6.9734217776e+01
   -6.9734217776e+01
   -6.9734217776e+01
   -6.9734217776e+01
   -6.9734217776e+01
   -6.9734217776e+01
   -6.9735139453e+01
   -6.9735139453e+01
   -6.9735139453e+01
   -6.9735139453e+01
   -6.9743771900e+01
   -6.9743771900e+01
   -6.9743771900e+01
   -6.9743771900e+01
   -6.9743771900e+01
   -6.9743771900e+01
   -6.9743771900e+01
   -6.9743771900e+01
   -6.9743891186e+01
   -6.9743891186e+01
   -6.9743891186e+01
   -6.9743891186e+01
   -6.9625602895e+01
   -6.9661498128e+01
   -6.9710001013e+01
   -6.9733755245e+01
   -6.9733755245e+01
   -6.9741749398e+01
   -6.9741749398e+01
   -6.9744525740e+01
   -6.9744525740e+01
   -6.9744525740e+01
   -6.9744525740e+01
   -6.9744525740e+01
   -6.9744525740e+01
   -6.9744525740e+01
   -6.9744525740e+01
   -6.9745073901e+01
   -6.9745073901e+01
   -6.9745073901e+01
   -6.9745073901e+01
   -6.9745073901e+01
   -6.9745073901e+01
   -6.9745073901e+01
   -6.9745073901e+01
   -6.9745159820e+01
   -6.9745159820e+01
   -6.9745159820e+01
   -6.9745159820e+01
   -6.9745159820e+01
   -6.9745159820e+01
   -6.9745159820e+01
   -6.9745159820e+01
   -6.9658207362e+01
   -6.9782018655e+01
   -6.9865642266e+01
   -6.9891062171e+01
   -6.9865642266e+01
   -6.9891062171e+01
   -6.9254298919e+01
   -6.9303576107e+01
   -6.9303576107e+01
   -6.9303576107e+01
   -6.9303576107e+01
   -6.9303576107e+01
   -6.9303576107e+01
   -6.9303576107e+01
   -6.9303576107e+01
   -6.9317918451e+01
   -6.9317918451e+01
   -6.9317918451e+01
   -6.9317918451e+01
   -6.9453008919e+01
   -6.9453008919e+01
   -6.9453008919e+01
   -6.9453008919e+01
   -6.9453008919e+01
   -6.9453008919e+01
   -6.9453008919e+01
   -6.9453008919e+01
   -6.9455927286e+01
   -6.9455927286e+01
   -6.9455927286e+01
   -6.9455927286e+01
   -6.9482408667e+01
   -6.9482408667e+01
   -6.9482408667e+01
   -6.9482408667e+01
   -6.9482408667e+01
   -6.9482408667e+01
   -6.9482408667e+01
   -6.9482408667e+01
   -6.9483028601e+01
   -6.9483028601e+01
   -6.9483028601e+01
   -6.9483028601e+01
   -6.9266639795e+01
   -6.9318940324e+01
   -6.9396933239e+01
   -6.9449060873e+01
   -6.9449060873e+01
   -6.9473597490e+01
   -6.9473597490e+01
   -6.9485662691e+01
   -6.9485662691e+01
   -6.9485662691e+01
   -6.9485662691e+01
   -6.9485662691e+01
   -6.9485662691e+01
   -6.9485662691e+01
   -6.9485662691e+01
   -6.9489163207e+01
   -6.9489163207e+01
   -6.9489163207e+01
   -6.9489163207e+01
   -6.9489163207e+01
   -6.9489163207e+01
   -6.9489163207e+01
   -6.9489163207e+01
   -6.9489931240e+01
   -6.9489931240e+01
   -6.9489931240e+01
   -6.9489931240e+01
   -6.9489931240e+01
   -6.9489931240e+01
   -6.9489931240e+01
   -6.9489931240e+01
   -6.9317470546e+01
   -6.9508346001e+01
   -6.9670269618e+01
   -6.9731691572e+01
   -6.9670269618e+01
   -6.9731691572e+01
   -6.8928120408e+01
   -6.8974682092e+01
   -6.8974682092e+01
   -6.8974682092e+01
   -6.8974682092e+01
   -6.8974682092e+01
   -6.8974682092e+01
   -6.8974682092e+01
   -6.8974682092e+01
   -6.8993455223e+01
   -6.8993455223e+01
   -6.8993455223e+01
   -6.8993455223e+01
   -6.9169328001e+01
   -6.9169328001e+01
   -6.9169328001e+01
   -6.9169328001e+01
   -6.9169328001e+01
   -6.9169328001e+01
   -6.9169328001e+01
   -6.9169328001e+01
   -6.9174436164e+01
   -6.9174436164e+01
   -6.9174436164e+01
   -6.9174436164e+01
   -6.9219168092e+01
   -6.9219168092e+01
   -6.9219168092e+01
   -6.9219168092e+01
   -6.9219168092e+01
   -6.9219168092e+01
   -6.9219168092e+01
   -6.9219168092e+01
   -6.9220653669e+01
   -6.9220653669e+01
   -6.9220653669e+01
   -6.9220653669e+01
   -6.8938424159e+01
   -6.8997155583e+01
   -6.9090074760e+01
   -6.9161978854e+01
   -6.9161978854e+01
   -6.9202380859e+01
   -6.9202380859e+01
   -6.9226479616e+01
   -6.9226479616e+01
   -6.9226479616e+01
   -6.9226479616e+01
   -6.9226479616e+01
   -6.9226479616e+01
   -6.9226479616e+01
   -6.9226479616e+01
   -6.9235371263e+01
   -6.9235371263e+01
   -6.9235371263e+01
   -6.9235371263e+01
   -6.9235371263e+01
   -6.9235371263e+01
   -6.9235371263e+01
   -6.9235371263e+01
   -6.9237783883e+01
   -6.9237783883e+01
   -6.9237783883e+01
   -6.9237783883e+01
   -6.9237783883e+01
   -6.9237783883e+01
   -6.9237783883e+01
   -6.9237783883e+01
   -6.9005189335e+01
   -6.9249258267e+01
   -6.9474619997e+01
   -6.9567762865e+01
   -6.9474619997e+01
   -6.9567762865e+01
   -6.8614482170e+01
   -6.8656406649e+01
   -6.8656406649e+01
   -6.8656406649e+01
   -6.8656406649e+01
   -6.8656406649e+01
   -6.8656406649e+01
   -6.8656406649e+01
   -6.8656406649e+01
   -6.8678365850e+01
   -6.8678365850e+01
   -6.8678365850e+01
   -6.8678365850e+01
   -6.8885539876e+01
   -6.8885539876e+01
   -6.8885539876e+01
   -6.8885539876e+01
   -6.8885539876e+01
   -6.8885539876e+01
   -6.8885539876e+01
   -6.8885539876e+01
   -6.8892795208e+01
   -6.8892795208e+01
   -6.8892795208e+01
   -6.8892795208e+01
   -6.8954827881e+01
   -6.8954827881e+01
   -6.8954827881e+01
   -6.8954827881e+01
   -6.8954827881e+01
   -6.8954827881e+01
   -6.8954827881e+01
   -6.8954827881e+01
   -6.8957352616e+01
   -6.8957352616e+01
   -6.8957352616e+01
   -6.8957352616e+01
   -6.8622873238e+01
   -6.8685001784e+01
   -6.8788066692e+01
   -6.8875460834e+01
   -6.8875460834e+01
   -6.8930375581e+01
   -6.8930375581e+01
   -6.8967072779e+01
   -6.8967072779e+01
   -6.8967072779e+01
   -6.8967072779e+01
   -6.8967072779e+01
   -6.8967072779e+01
   -6.8967072779e+01
   -6.8967072779e+01
   -6.8982481589e+01
   -6.8982481589e+01
   -6.8982481589e+01
   -6.8982481589e+01
   -6.8982481589e+01
   -6.8982481589e+01
   -6.8982481589e+01
   -6.8982481589e+01
   -6.8987091958e+01
   -6.8987091958e+01
   -6.8987091958e+01
   -6.8987091958e+01
   -6.8987091958e+01
   -6.8987091958e+01
   -6.8987091958e+01
   -6.8987091958e+01
   -6.8704210769e+01
   -6.8995950626e+01
   -6.9277797173e+01
   -6.9399698527e+01
   -6.9277797173e+01
   -6.9399698527e+01
   -6.8314229230e+01
   -6.8350756715e+01
   -6.8350756715e+01
   -6.8350756715e+01
   -6.8350756715e+01
   -6.8350756715e+01
   -6.8350756715e+01
   -6.8350756715e+01
   -6.8350756715e+01
   -6.8374432053e+01
   -6.8374432053e+01
   -6.8374432053e+01
   -6.8374432053e+01
   -6.8603190529e+01
   -6.8603190529e+01
   -6.8603190529e+01
   -6.8603190529e+01
   -6.8603190529e+01
   -6.8603190529e+01
   -6.8603190529e+01
   -6.8603190529e+01
   -6.8612338271e+01
   -6.8612338271e+01
   -6.8612338271e+01
   -6.8612338271e+01
   -6.8689032000e+01
   -6.8689032000e+01
   -6.8689032000e+01
   -6.8689032000e+01
   -6.8689032000e+01
   -6.8689032000e+01
   -6.8689032000e+01
   -6.8689032000e+01
   -6.8692774834e+01
   -6.8692774834e+01
   -6.8692774834e+01
   -6.8692774834e+01
   -6.8320925569e+01
   -6.8384312308e+01
   -6.8493765925e+01
   -6.8591994561e+01
   -6.8591994561e+01
   -6.8658818604e+01
   -6.8658818604e+01
   -6.8707592536e+01
   -6.8707592536e+01
   -6.8707592536e+01
   -6.8707592536e+01
   -6.8707592536e+01
   -6.8707592536e+01
   -6.8707592536e+01
   -6.8707592536e+01
   -6.8730580499e+01
   -6.8730580499e+01
   -6.8730580499e+01
   -6.8730580499e+01
   -6.8730580499e+01
   -6.8730580499e+01
   -6.8730580499e+01
   -6.8730580499e+01
   -6.8738128575e+01
   -6.8738128575e+01
   -6.8738128575e+01
   -6.8738128575e+01
   -6.8738128575e+01
   -6.8738128575e+01
   -6.8738128575e+01
   -6.8738128575e+01
   -6.8415145688e+01
   -6.8748366077e+01
   -6.9078467494e+01
   -6.9224893251e+01
   -6.9078467494e+01
   -6.9224893251e+01
   -6.8019382040e+01
   -6.8050704232e+01
   -6.8050704232e+01
   -6.8050704232e+01
   -6.8050704232e+01
   -6.8050704232e+01
   -6.8050704232e+01
   -6.8050704232e+01
   -6.8050704232e+01
   -6.8075442123e+01
   -6.8075442123e+01
   -6.8075442123e+01
   -6.8075442123e+01
   -6.8322328725e+01
   -6.8322328725e+01
   -6.8322328725e+01
   -6.8322328725e+01
   -6.8322328725e+01
   -6.8322328725e+01
   -6.8322328725e+01
   -6.8322328725e+01
   -6.8333104864e+01
   -6.8333104864e+01
   -6.8333104864e+01
   -6.8333104864e+01
   -6.8422334924e+01
   -6.8422334924e+01
   -6.8422334924e+01
   -6.8422334924e+01
   -6.8422334924e+01
   -6.8422334924e+01
   -6.8422334924e+01
   -6.8422334924e+01
   -6.8427340462e+01
   -6.8427340462e+01
   -6.8427340462e+01
   -6.8427340462e+01
   -6.8024659924e+01
   -6.8088984129e+01
   -6.8204118877e+01
   -6.8311405933e+01
   -6.8311405933e+01
   -6.8388519256e+01
   -6.8388519256e+01
   -6.8448406684e+01
   -6.8448406684e+01
   -6.8448406684e+01
   -6.8448406684e+01
   -6.8448406684e+01
   -6.8448406684e+01
   -6.8448406684e+01
   -6.8448406684e+01
   -6.8479183750e+01
   -6.8479183750e+01
   -6.8479183750e+01
   -6.8479183750e+01
   -6.8479183750e+01
   -6.8479183750e+01
   -6.8479183750e+01
   -6.8479183750e+01
   -6.8490030352e+01
   -6.8490030352e+01
   -6.8490030352e+01
   -6.8490030352e+01
   -6.8490030352e+01
   -6.8490030352e+01
   -6.8490030352e+01
   -6.8490030352e+01
   -6.8130435856e+01
   -6.8501099810e+01
   -6.8874443798e+01
   -6.9042716835e+01
   -6.8874443798e+01
   -6.9042716835e+01
   -6.7727265457e+01
   -6.7753479188e+01
   -6.7753479188e+01
   -6.7753479188e+01
   -6.7753479188e+01
   -6.7753479188e+01
   -6.7753479188e+01
   -6.7753479188e+01
   -6.7753479188e+01
   -6.7778949489e+01
   -6.7778949489e+01
   -6.7778949489e+01
   -6.7778949489e+01
   -6.8042218325e+01
   -6.8042218325e+01
   -6.8042218325e+01
   -6.8042218325e+01
   -6.8042218325e+01
   -6.8042218325e+01
   -6.8042218325e+01
   -6.8042218325e+01
   -6.8054489498e+01
   -6.8054489498e+01
   -6.8054489498e+01
   -6.8054489498e+01
   -6.8155182627e+01
   -6.8155182627e+01
   -6.8155182627e+01
   -6.8155182627e+01
   -6.8155182627e+01
   -6.8155182627e+01
   -6.8155182627e+01
   -6.8155182627e+01
   -6.8161473400e+01
   -6.8161473400e+01
   -6.8161473400e+01
   -6.8161473400e+01
   -6.7731264439e+01
   -6.7796364101e+01
   -6.7916822563e+01
   -6.8032270888e+01
   -6.8032270888e+01
   -6.8118855174e+01
   -6.8118855174e+01
   -6.8189369536e+01
   -6.8189369536e+01
   -6.8189369536e+01
   -6.8189369536e+01
   -6.8189369536e+01
   -6.8189369536e+01
   -6.8189369536e+01
   -6.8189369536e+01
   -6.8228041758e+01
   -6.8228041758e+01
   -6.8228041758e+01
   -6.8228041758e+01
   -6.8228041758e+01
   -6.8228041758e+01
   -6.8228041758e+01
   -6.8228041758e+01
   -6.8242369149e+01
   -6.8242369149e+01
   -6.8242369149e+01
   -6.8242369149e+01
   -6.8242369149e+01
   -6.8242369149e+01
   -6.8242369149e+01
   -6.8242369149e+01
   -6.7847925992e+01
   -6.8253994317e+01
   -6.8668049012e+01
   -6.8856817034e+01
   -6.8668049012e+01
   -6.8856817034e+01
   -6.7435271205e+01
   -6.7456372938e+01
   -6.7456372938e+01
   -6.7456372938e+01
   -6.7456372938e+01
   -6.7456372938e+01
   -6.7456372938e+01
   -6.7456372938e+01
   -6.7456372938e+01
   -6.7482566294e+01
   -6.7482566294e+01
   -6.7482566294e+01
   -6.7482566294e+01
   -6.7762157723e+01
   -6.7762157723e+01
   -6.7762157723e+01
   -6.7762157723e+01
   -6.7762157723e+01
   -6.7762157723e+01
   -6.7762157723e+01
   -6.7762157723e+01
   -6.7775917355e+01
   -6.7775917355e+01
   -6.7775917355e+01
   -6.7775917355e+01
   -6.7888025810e+01
   -6.7888025810e+01
   -6.7888025810e+01
   -6.7888025810e+01
   -6.7888025810e+01
   -6.7888025810e+01
   -6.7888025810e+01
   -6.7888025810e+01
   -6.7895600924e+01
   -6.7895600924e+01
   -6.7895600924e+01
   -6.7895600924e+01
   -6.7437996022e+01
   -6.7503865754e+01
   -6.7629636375e+01
   -6.7753219320e+01
   -6.7753219320e+01
   -6.7849243866e+01
   -6.7849243866e+01
   -6.7930358501e+01
   -6.7930358501e+01
   -6.7930358501e+01
   -6.7930358501e+01
   -6.7930358501e+01
   -6.7930358501e+01
   -6.7930358501e+01
   -6.7930358501e+01
   -6.7976920512e+01
   -6.7976920512e+01
   -6.7976920512e+01
   -6.7976920512e+01
   -6.7976920512e+01
   -6.7976920512e+01
   -6.7976920512e+01
   -6.7976920512e+01
   -6.7994731914e+01
   -6.7994731914e+01
   -6.7994731914e+01
   -6.7994731914e+01
   -6.7994731914e+01
   -6.7994731914e+01
   -6.7994731914e+01
   -6.7994731914e+01
   -6.7565517732e+01
   -6.8006912573e+01
   -6.8461583605e+01
   -6.8670796065e+01
   -6.8461583605e+01
   -6.8670796065e+01
   -6.7151489254e+01
   -6.7167241474e+01
   -6.7167241474e+01
   -6.7167241474e+01
   -6.7167241474e+01
   -6.7167241474e+01
   -6.7167241474e+01
   -6.7167241474e+01
   -6.7167241474e+01
   -6.7193529931e+01
   -6.7193529931e+01
   -6.7193529931e+01
   -6.7193529931e+01
   -6.7485440246e+01
   -6.7485440246e+01
   -6.7485440246e+01
   -6.7485440246e+01
   -6.7485440246e+01
   -6.7485440246e+01
   -6.7485440246e+01
   -6.7485440246e+01
   -6.7500246876e+01
   -6.7500246876e+01
   -6.7500246876e+01
   -6.7500246876e+01
   -6.7620565522e+01
   -6.7620565522e+01
   -6.7620565522e+01
   -6.7620565522e+01
   -6.7620565522e+01
   -6.7620565522e+01
   -6.7620565522e+01
   -6.7620565522e+01
   -6.7629365022e+01
   -6.7629365022e+01
   -6.7629365022e+01
   -6.7629365022e+01
   -6.7153257907e+01
   -6.7219536005e+01
   -6.7349843205e+01
   -6.7479771685e+01
   -6.7479771685e+01
   -6.7583175347e+01
   -6.7583175347e+01
   -6.7673100458e+01
   -6.7673100458e+01
   -6.7673100458e+01
   -6.7673100458e+01
   -6.7673100458e+01
   -6.7673100458e+01
   -6.7673100458e+01
   -6.7673100458e+01
   -6.7727192005e+01
   -6.7727192005e+01
   -6.7727192005e+01
   -6.7727192005e+01
   -6.7727192005e+01
   -6.7727192005e+01
   -6.7727192005e+01
   -6.7727192005e+01
   -6.7748703762e+01
   -6.7748703762e+01
   -6.7748703762e+01
   -6.7748703762e+01
   -6.7748703762e+01
   -6.7748703762e+01
   -6.7748703762e+01
   -6.7748703762e+01
   -6.7289930406e+01
   -6.7761425181e+01
   -6.8250377208e+01
   -6.8476640883e+01
   -6.8250377208e+01
   -6.8476640883e+01
   -6.6867707302e+01
   -6.6878110011e+01
   -6.6878110011e+01
   -6.6878110011e+01
   -6.6878110011e+01
   -6.6878110011e+01
   -6.6878110011e+01
   -6.6878110011e+01
   -6.6878110011e+01
   -6.6904493568e+01
   -6.6904493568e+01
   -6.6904493568e+01
   -6.6904493568e+01
   -6.7208722768e+01
   -6.7208722768e+01
   -6.7208722768e+01
   -6.7208722768e+01
   -6.7208722768e+01
   -6.7208722768e+01
   -6.7208722768e+01
   -6.7208722768e+01
   -6.7224576397e+01
   -6.7224576397e+01
   -6.7224576397e+01
   -6.7224576397e+01
   -6.7353105235e+01
   -6.7353105235e+01
   -6.7353105235e+01
   -6.7353105235e+01
   -6.7353105235e+01
   -6.7353105235e+01
   -6.7353105235e+01
   -6.7353105235e+01
   -6.7363129120e+01
   -6.7363129120e+01
   -6.7363129120e+01
   -6.7363129120e+01
   -6.6868519792e+01
   -6.6935206256e+01
   -6.7070050036e+01
   -6.7206324049e+01
   -6.7206324049e+01
   -6.7317106827e+01
   -6.7317106827e+01
   -6.7415842415e+01
   -6.7415842415e+01
   -6.7415842415e+01
   -6.7415842415e+01
   -6.7415842415e+01
   -6.7415842415e+01
   -6.7415842415e+01
   -6.7415842415e+01
   -6.7477463499e+01
   -6.7477463499e+01
   -6.7477463499e+01
   -6.7477463499e+01
   -6.7477463499e+01
   -6.7477463499e+01
   -6.7477463499e+01
   -6.7477463499e+01
   -6.7502675611e+01
   -6.7502675611e+01
   -6.7502675611e+01
   -6.7502675611e+01
   -6.7502675611e+01
   -6.7502675611e+01
   -6.7502675611e+01
   -6.7502675611e+01
   -6.7014343081e+01
   -6.7515937788e+01
   -6.8039170812e+01
   -6.8282485701e+01
   -6.8039170812e+01
   -6.8282485701e+01
   -6.6586999233e+01
   -6.6591633853e+01
   -6.6591633853e+01
   -6.6591633853e+01
   -6.6591633853e+01
   -6.6591633853e+01
   -6.6591633853e+01
   -6.6591633853e+01
   -6.6591633853e+01
   -6.6617966067e+01
   -6.6617966067e+01
   -6.6617966067e+01
   -6.6617966067e+01
   -6.6933467035e+01
   -6.6933467035e+01
   -6.6933467035e+01
   -6.6933467035e+01
   -6.6933467035e+01
   -6.6933467035e+01
   -6.6933467035e+01
   -6.6933467035e+01
   -6.6950225403e+01
   -6.6950225403e+01
   -6.6950225403e+01
   -6.6950225403e+01
   -6.7086075516e+01
   -6.7086075516e+01
   -6.7086075516e+01
   -6.7086075516e+01
   -6.7086075516e+01
   -6.7086075516e+01
   -6.7086075516e+01
   -6.7086075516e+01
   -6.7097257545e+01
   -6.7097257545e+01
   -6.7097257545e+01
   -6.7097257545e+01
   -6.6586964209e+01
   -6.6653804354e+01
   -6.6792903179e+01
   -6.6935078683e+01
   -6.6935078683e+01
   -6.7052702568e+01
   -6.7052702568e+01
   -6.7159664342e+01
   -6.7159664342e+01
   -6.7159664342e+01
   -6.7159664342e+01
   -6.7159664342e+01
   -6.7159664342e+01
   -6.7159664342e+01
   -6.7159664342e+01
   -6.7228504833e+01
   -6.7228504833e+01
   -6.7228504833e+01
   -6.7228504833e+01
   -6.7228504833e+01
   -6.7228504833e+01
   -6.7228504833e+01
   -6.7228504833e+01
   -6.7257350908e+01
   -6.7257350908e+01
   -6.7257350908e+01
   -6.7257350908e+01
   -6.7257350908e+01
   -6.7257350908e+01
   -6.7257350908e+01
   -6.7257350908e+01
   -6.6741363735e+01
   -6.7271280542e+01
   -6.7826694880e+01
   -6.8085990274e+01
   -6.7826694880e+01
   -6.8085990274e+01
   -6.6311639790e+01
   -6.6309777988e+01
   -6.6309777988e+01
   -6.6309777988e+01
   -6.6309777988e+01
   -6.6309777988e+01
   -6.6309777988e+01
   -6.6309777988e+01
   -6.6309777988e+01
   -6.6335804046e+01
   -6.6335804046e+01
   -6.6335804046e+01
   -6.6335804046e+01
   -6.6660754773e+01
   -6.6660754773e+01
   -6.6660754773e+01
   -6.6660754773e+01
   -6.6660754773e+01
   -6.6660754773e+01
   -6.6660754773e+01
   -6.6660754773e+01
   -6.6678170347e+01
   -6.6678170347e+01
   -6.6678170347e+01
   -6.6678170347e+01
   -6.6819794998e+01
   -6.6819794998e+01
   -6.6819794998e+01
   -6.6819794998e+01
   -6.6819794998e+01
   -6.6819794998e+01
   -6.6819794998e+01
   -6.6819794998e+01
   -6.6832019906e+01
   -6.6832019906e+01
   -6.6832019906e+01
   -6.6832019906e+01
   -6.6310946307e+01
   -6.6377496976e+01
   -6.6520360968e+01
   -6.6667665318e+01
   -6.6667665318e+01
   -6.6791194162e+01
   -6.6791194162e+01
   -6.6905365443e+01
   -6.6905365443e+01
   -6.6905365443e+01
   -6.6905365443e+01
   -6.6905365443e+01
   -6.6905365443e+01
   -6.6905365443e+01
   -6.6905365443e+01
   -6.6980885708e+01
   -6.6980885708e+01
   -6.6980885708e+01
   -6.6980885708e+01
   -6.6980885708e+01
   -6.6980885708e+01
   -6.6980885708e+01
   -6.6980885708e+01
   -6.7013250223e+01
   -6.7013250223e+01
   -6.7013250223e+01
   -6.7013250223e+01
   -6.7013250223e+01
   -6.7013250223e+01
   -6.7013250223e+01
   -6.7013250223e+01
   -6.6472922334e+01
   -6.7028067773e+01
   -6.7612009928e+01
   -6.7885422764e+01
   -6.7612009928e+01
   -6.7885422764e+01
   -6.6036280347e+01
   -6.6027922124e+01
   -6.6027922124e+01
   -6.6027922124e+01
   -6.6027922124e+01
   -6.6027922124e+01
   -6.6027922124e+01
   -6.6027922124e+01
   -6.6027922124e+01
   -6.6053642025e+01
   -6.6053642025e+01
   -6.6053642025e+01
   -6.6053642025e+01
   -6.6388042511e+01
   -6.6388042511e+01
   -6.6388042511e+01
   -6.6388042511e+01
   -6.6388042511e+01
   -6.6388042511e+01
   -6.6388042511e+01
   -6.6388042511e+01
   -6.6406115291e+01
   -6.6406115291e+01
   -6.6406115291e+01
   -6.6406115291e+01
   -6.6553514480e+01
   -6.6553514480e+01
   -6.6553514480e+01
   -6.6553514480e+01
   -6.6553514480e+01
   -6.6553514480e+01
   -6.6553514480e+01
   -6.6553514480e+01
   -6.6566782266e+01
   -6.6566782266e+01
   -6.6566782266e+01
   -6.6566782266e+01
   -6.6034928405e+01
