   -6.9999170860e+01
   -6.9999495973e+01
   -6.9999495973e+01
   -6.9999495973e+01
   -6.9999495973e+01
   -6.9999495973e+01
   -6.9999495973e+01
   -6.9999495973e+01
   -6.9999495973e+01
   -6.9999496247e+01
   -6.9999496247e+01
   -6.9999496247e+01
   -6.9999496247e+01
   -6.9999497173e+01
   -6.9999497173e+01
   -6.9999497173e+01
   -6.9999497173e+01
   -6.9999497173e+01
   -6.9999497173e+01
   -6.9999497173e+01
   -6.9999497173e+01
   -6.9999497173e+01
   -6.9999497173e+01
   -6.9999497173e+01
   -6.9999497173e+01
   -6.9999497173e+01
   -6.9999497173e+01
   -6.9999497173e+01
   -6.9999497173e+01
   -6.9999497173e+01
   -6.9999497173e+01
   -6.9999497173e+01
   -6.9999497173e+01
   -6.9999497173e+01
   -6.9999497173e+01
   -6.9999497173e+01
   -6.9999497173e+01
   -6.9999493711e+01
   -6.9999496242e+01
   -6.9999497170e+01
   -6.9999497173e+01
   -6.9999497173e+01
   -6.9999497173e+01
   -6.9999497173e+01
   -6.9999497173e+01
   -6.9999497173e+01
   -6.9999497173e+01
   -6.9999497173e+01
   -6.9999497173e+01
   -6.9999497173e+01
   -6.9999497173e+01
   -6.9999497173e+01
   -6.9999497173e+01
   -6.9999497173e+01
   -6.9999497173e+01
   -6.9999497173e+01
   -6.9999497173e+01
   -6.9999497173e+01
   -6.9999497173e+01
   -6.9999497173e+01
   -6.9999497173e+01
   -6.9999497173e+01
   -6.9999497173e+01
   -6.9999497173e+01
   -6.9999497173e+01
   -6.9999497173e+01
   -6.9999497173e+01
   -6.9999497173e+01
   -6.9999974118e+01
   -6.9999999873e+01
   -7.0000000000e+01
   -7.0000000000e+01
   -7.0000000000e+01
   -7.0000000000e+01
   -6.9625378129e+01
   -6.9657597788e+01
   -6.9657597788e+01
   -6.9657597788e+01
   -6.9657597788e+01
   -6.9657597788e+01
   -6.9657597788e+01
   -6.9657597788e+01
   -6.9657597788e+01
   -6.9663056484e+01
   -6.9663056484e+01
   -6.9663056484e+01
   -6.9663056484e+01
   -6.9734405146e+01
   -6.9734405146e+01
   -6.9734405146e+01
   -6.9734405146e+01
   -6.9734405146e+01
   -6.9734405146e+01
   -6.9734405146e+01
   -6.9734405146e+01
   -6.9735075469e+01
   -6.9735075469e+01
   -6.9735075469e+01
   -6.9735075469e+01
   -6.9743665870e+01
   -6.9743665870e+01
   -6.9743665870e+01
   -6.9743665870e+01
   -6.9743665870e+01
   -6.9743665870e+01
   -6.9743665870e+01
   -6.9743665870e+01
   -6.9743753037e+01
   -6.9743753037e+01
   -6.9743753037e+01
   -6.9743753037e+01
   -6.9634016168e+01
   -6.9664934642e+01
   -6.9711363948e+01
   -6.9734087481e+01
   -6.9734087481e+01
   -6.9741739211e+01
   -6.9741739211e+01
   -6.9744406941e+01
   -6.9744406941e+01
   -6.9744406941e+01
   -6.9744406941e+01
   -6.9744406941e+01
   -6.9744406941e+01
   -6.9744406941e+01
   -6.9744406941e+01
   -6.9744939198e+01
   -6.9744939198e+01
   -6.9744939198e+01
   -6.9744939198e+01
   -6.9744939198e+01
   -6.9744939198e+01
   -6.9744939198e+01
   -6.9744939198e+01
   -6.9745023911e+01
   -6.9745023911e+01
   -6.9745023911e+01
   -6.9745023911e+01
   -6.9745023911e+01
   -6.9745023911e+01
   -6.9745023911e+01
   -6.9745023911e+01
   -6.9669787642e+01
   -6.9787216031e+01
   -6.9866216980e+01
   -6.9890171873e+01
   -6.9866216980e+01
   -6.9890171873e+01
   -6.9273577922e+01
   -6.9309753993e+01
   -6.9309753993e+01
   -6.9309753993e+01
   -6.9309753993e+01
   -6.9309753993e+01
   -6.9309753993e+01
   -6.9309753993e+01
   -6.9309753993e+01
   -6.9320623337e+01
   -6.9320623337e+01
   -6.9320623337e+01
   -6.9320623337e+01
   -6.9453807021e+01
   -6.9453807021e+01
   -6.9453807021e+01
   -6.9453807021e+01
   -6.9453807021e+01
   -6.9453807021e+01
   -6.9453807021e+01
   -6.9453807021e+01
   -6.9456008156e+01
   -6.9456008156e+01
   -6.9456008156e+01
   -6.9456008156e+01
   -6.9482253972e+01
   -6.9482253972e+01
   -6.9482253972e+01
   -6.9482253972e+01
   -6.9482253972e+01
   -6.9482253972e+01
   -6.9482253972e+01
   -6.9482253972e+01
   -6.9482726471e+01
   -6.9482726471e+01
   -6.9482726471e+01
   -6.9482726471e+01
   -6.9280537150e+01
   -6.9326524118e+01
   -6.9400842467e+01
   -6.9450475123e+01
   -6.9450475123e+01
   -6.9473898668e+01
   -6.9473898668e+01
   -6.9485499570e+01
   -6.9485499570e+01
   -6.9485499570e+01
   -6.9485499570e+01
   -6.9485499570e+01
   -6.9485499570e+01
   -6.9485499570e+01
   -6.9485499570e+01
   -6.9488917519e+01
   -6.9488917519e+01
   -6.9488917519e+01
   -6.9488917519e+01
   -6.9488917519e+01
   -6.9488917519e+01
   -6.9488917519e+01
   -6.9488917519e+01
   -6.9489681415e+01
   -6.9489681415e+01
   -6.9489681415e+01
   -6.9489681415e+01
   -6.9489681415e+01
   -6.9489681415e+01
   -6.9489681415e+01
   -6.9489681415e+01
   -6.9334323910e+01
   -6.9517370736e+01
   -6.9672102848e+01
   -6.9730671719e+01
   -6.9672102848e+01
   -6.9730671719e+01
   -6.8951494203e+01
   -6.8983662310e+01
   -6.8983662310e+01
   -6.8983662310e+01
   -6.8983662310e+01
   -6.8983662310e+01
   -6.8983662310e+01
   -6.8983662310e+01
   -6.8983662310e+01
   -6.8998175595e+01
   -6.8998175595e+01
   -6.8998175595e+01
   -6.8998175595e+01
   -6.9171691439e+01
   -6.9171691439e+01
   -6.9171691439e+01
   -6.9171691439e+01
   -6.9171691439e+01
   -6.9171691439e+01
   -6.9171691439e+01
   -6.9171691439e+01
   -6.9175594197e+01
   -6.9175594197e+01
   -6.9175594197e+01
   -6.9175594197e+01
   -6.9220030588e+01
   -6.9220030588e+01
   -6.9220030588e+01
   -6.9220030588e+01
   -6.9220030588e+01
   -6.9220030588e+01
   -6.9220030588e+01
   -6.9220030588e+01
   -6.9221122343e+01
   -6.9221122343e+01
   -6.9221122343e+01
   -6.9221122343e+01
   -6.8956195835e+01
   -6.9007946859e+01
   -6.9096223126e+01
   -6.9165165107e+01
   -6.9165165107e+01
   -6.9203981494e+01
   -6.9203981494e+01
   -6.9226951559e+01
   -6.9226951559e+01
   -6.9226951559e+01
   -6.9226951559e+01
   -6.9226951559e+01
   -6.9226951559e+01
   -6.9226951559e+01
   -6.9226951559e+01
   -6.9235195065e+01
   -6.9235195065e+01
   -6.9235195065e+01
   -6.9235195065e+01
   -6.9235195065e+01
   -6.9235195065e+01
   -6.9235195065e+01
   -6.9235195065e+01
   -6.9237351604e+01
   -6.9237351604e+01
   -6.9237351604e+01
   -6.9237351604e+01
   -6.9237351604e+01
   -6.9237351604e+01
   -6.9237351604e+01
   -6.9237351604e+01
   -6.9026600451e+01
   -6.9264186786e+01
   -6.9483359478e+01
   -6.9573881658e+01
   -6.9483359478e+01
   -6.9573881658e+01
   -6.8649031243e+01
   -6.8675264036e+01
   -6.8675264036e+01
   -6.8675264036e+01
   -6.8675264036e+01
   -6.8675264036e+01
   -6.8675264036e+01
   -6.8675264036e+01
   -6.8675264036e+01
   -6.8691706211e+01
   -6.8691706211e+01
   -6.8691706211e+01
   -6.8691706211e+01
   -6.8890880035e+01
   -6.8890880035e+01
   -6.8890880035e+01
   -6.8890880035e+01
   -6.8890880035e+01
   -6.8890880035e+01
   -6.8890880035e+01
   -6.8890880035e+01
   -6.8896326250e+01
   -6.8896326250e+01
   -6.8896326250e+01
   -6.8896326250e+01
   -6.8956590665e+01
   -6.8956590665e+01
   -6.8956590665e+01
   -6.8956590665e+01
   -6.8956590665e+01
   -6.8956590665e+01
   -6.8956590665e+01
   -6.8956590665e+01
   -6.8958490662e+01
   -6.8958490662e+01
   -6.8958490662e+01
   -6.8958490662e+01
   -6.8651702866e+01
   -6.8705202168e+01
   -6.8800851844e+01
   -6.8882510301e+01
   -6.8882510301e+01
   -6.8934053949e+01
   -6.8934053949e+01
   -6.8968608124e+01
   -6.8968608124e+01
   -6.8968608124e+01
   -6.8968608124e+01
   -6.8968608124e+01
   -6.8968608124e+01
   -6.8968608124e+01
   -6.8968608124e+01
   -6.8983182440e+01
   -6.8983182440e+01
   -6.8983182440e+01
   -6.8983182440e+01
   -6.8983182440e+01
   -6.8983182440e+01
   -6.8983182440e+01
   -6.8983182440e+01
   -6.8987566925e+01
   -6.8987566925e+01
   -6.8987566925e+01
   -6.8987566925e+01
   -6.8987566925e+01
   -6.8987566925e+01
   -6.8987566925e+01
   -6.8987566925e+01
   -6.8736572421e+01
   -6.9020447464e+01
   -6.9293736310e+01
   -6.9411628409e+01
   -6.9293736310e+01
   -6.9411628409e+01
   -6.8354099936e+01
   -6.8374907954e+01
   -6.8374907954e+01
   -6.8374907954e+01
   -6.8374907954e+01
   -6.8374907954e+01
   -6.8374907954e+01
   -6.8374907954e+01
   -6.8374907954e+01
   -6.8392358637e+01
   -6.8392358637e+01
   -6.8392358637e+01
   -6.8392358637e+01
   -6.8611230326e+01
   -6.8611230326e+01
   -6.8611230326e+01
   -6.8611230326e+01
   -6.8611230326e+01
   -6.8611230326e+01
   -6.8611230326e+01
   -6.8611230326e+01
   -6.8618027305e+01
   -6.8618027305e+01
   -6.8618027305e+01
   -6.8618027305e+01
   -6.8692009250e+01
   -6.8692009250e+01
   -6.8692009250e+01
   -6.8692009250e+01
   -6.8692009250e+01
   -6.8692009250e+01
   -6.8692009250e+01
   -6.8692009250e+01
   -6.8694814869e+01
   -6.8694814869e+01
   -6.8694814869e+01
   -6.8694814869e+01
   -6.8355128402e+01
   -6.8409607800e+01
   -6.8511017385e+01
   -6.8602285662e+01
   -6.8602285662e+01
   -6.8664569222e+01
   -6.8664569222e+01
   -6.8710193720e+01
   -6.8710193720e+01
   -6.8710193720e+01
   -6.8710193720e+01
   -6.8710193720e+01
   -6.8710193720e+01
   -6.8710193720e+01
   -6.8710193720e+01
   -6.8731842593e+01
   -6.8731842593e+01
   -6.8731842593e+01
   -6.8731842593e+01
   -6.8731842593e+01
   -6.8731842593e+01
   -6.8731842593e+01
   -6.8731842593e+01
   -6.8739002887e+01
   -6.8739002887e+01
   -6.8739002887e+01
   -6.8739002887e+01
   -6.8739002887e+01
   -6.8739002887e+01
   -6.8739002887e+01
   -6.8739002887e+01
   -6.8452735728e+01
   -6.8777726363e+01
   -6.9098676777e+01
   -6.9240683232e+01
   -6.9098676777e+01
   -6.9240683232e+01
   -6.8063143951e+01
   -6.8078809124e+01
   -6.8078809124e+01
   -6.8078809124e+01
   -6.8078809124e+01
   -6.8078809124e+01
   -6.8078809124e+01
   -6.8078809124e+01
   -6.8078809124e+01
   -6.8096864171e+01
   -6.8096864171e+01
   -6.8096864171e+01
   -6.8096864171e+01
   -6.8332905518e+01
   -6.8332905518e+01
   -6.8332905518e+01
   -6.8332905518e+01
   -6.8332905518e+01
   -6.8332905518e+01
   -6.8332905518e+01
   -6.8332905518e+01
   -6.8340859454e+01
   -6.8340859454e+01
   -6.8340859454e+01
   -6.8340859454e+01
   -6.8426832029e+01
   -6.8426832029e+01
   -6.8426832029e+01
   -6.8426832029e+01
   -6.8426832029e+01
   -6.8426832029e+01
   -6.8426832029e+01
   -6.8426832029e+01
   -6.8430555475e+01
   -6.8430555475e+01
   -6.8430555475e+01
   -6.8430555475e+01
   -6.8062746657e+01
   -6.8118077031e+01
   -6.8224829929e+01
   -6.8324480630e+01
   -6.8324480630e+01
   -6.8396275995e+01
   -6.8396275995e+01
   -6.8452175073e+01
   -6.8452175073e+01
   -6.8452175073e+01
   -6.8452175073e+01
   -6.8452175073e+01
   -6.8452175073e+01
   -6.8452175073e+01
   -6.8452175073e+01
   -6.8481018599e+01
   -6.8481018599e+01
   -6.8481018599e+01
   -6.8481018599e+01
   -6.8481018599e+01
   -6.8481018599e+01
   -6.8481018599e+01
   -6.8481018599e+01
   -6.8491224210e+01
   -6.8491224210e+01
   -6.8491224210e+01
   -6.8491224210e+01
   -6.8491224210e+01
   -6.8491224210e+01
   -6.8491224210e+01
   -6.8491224210e+01
   -6.8171958859e+01
   -6.8534512680e+01
   -6.8898761019e+01
   -6.9062587585e+01
   -6.8898761019e+01
   -6.9062587585e+01
   -6.7775265954e+01
   -6.7786006570e+01
   -6.7786006570e+01
   -6.7786006570e+01
   -6.7786006570e+01
   -6.7786006570e+01
   -6.7786006570e+01
   -6.7786006570e+01
   -6.7786006570e+01
   -6.7804353062e+01
   -6.7804353062e+01
   -6.7804353062e+01
   -6.7804353062e+01
   -6.8055606546e+01
   -6.8055606546e+01
   -6.8055606546e+01
   -6.8055606546e+01
   -6.8055606546e+01
   -6.8055606546e+01
   -6.8055606546e+01
   -6.8055606546e+01
   -6.8064567380e+01
   -6.8064567380e+01
   -6.8064567380e+01
   -6.8064567380e+01
   -6.8161193491e+01
   -6.8161193491e+01
   -6.8161193491e+01
   -6.8161193491e+01
   -6.8161193491e+01
   -6.8161193491e+01
   -6.8161193491e+01
   -6.8161193491e+01
   -6.8165844215e+01
   -6.8165844215e+01
   -6.8165844215e+01
   -6.8165844215e+01
   -6.7773611221e+01
   -6.7829692599e+01
   -6.7941466251e+01
   -6.8048549034e+01
   -6.8048549034e+01
   -6.8128905314e+01
   -6.8128905314e+01
   -6.8194462850e+01
   -6.8194462850e+01
   -6.8194462850e+01
   -6.8194462850e+01
   -6.8194462850e+01
   -6.8194462850e+01
   -6.8194462850e+01
   -6.8194462850e+01
   -6.8230594018e+01
   -6.8230594018e+01
   -6.8230594018e+01
   -6.8230594018e+01
   -6.8230594018e+01
   -6.8230594018e+01
   -6.8230594018e+01
   -6.8230594018e+01
   -6.8244053617e+01
   -6.8244053617e+01
   -6.8244053617e+01
   -6.8244053617e+01
   -6.8244053617e+01
   -6.8244053617e+01
   -6.8244053617e+01
   -6.8244053617e+01
   -6.7893551131e+01
   -6.8290917604e+01
   -6.8695085214e+01
   -6.8878955520e+01
   -6.8695085214e+01
   -6.8878955520e+01
   -6.7491231836e+01
   -6.7496944946e+01
   -6.7496944946e+01
   -6.7496944946e+01
   -6.7496944946e+01
   -6.7496944946e+01
   -6.7496944946e+01
   -6.7496944946e+01
   -6.7496944946e+01
   -6.7515380734e+01
   -6.7515380734e+01
   -6.7515380734e+01
   -6.7515380734e+01
   -6.7780087191e+01
   -6.7780087191e+01
   -6.7780087191e+01
   -6.7780087191e+01
   -6.7780087191e+01
   -6.7780087191e+01
   -6.7780087191e+01
   -6.7780087191e+01
   -6.7789872327e+01
   -6.7789872327e+01
   -6.7789872327e+01
   -6.7789872327e+01
   -6.7895632493e+01
   -6.7895632493e+01
   -6.7895632493e+01
   -6.7895632493e+01
   -6.7895632493e+01
   -6.7895632493e+01
   -6.7895632493e+01
   -6.7895632493e+01
   -6.7901167383e+01
   -6.7901167383e+01
   -6.7901167383e+01
   -6.7901167383e+01
   -6.7488475338e+01
   -6.7545179375e+01
   -6.7661685178e+01
   -6.7775463882e+01
   -6.7775463882e+01
   -6.7863472008e+01
   -6.7863472008e+01
   -6.7937850417e+01
   -6.7937850417e+01
   -6.7937850417e+01
   -6.7937850417e+01
   -6.7937850417e+01
   -6.7937850417e+01
   -6.7937850417e+01
   -6.7937850417e+01
   -6.7981063017e+01
   -6.7981063017e+01
   -6.7981063017e+01
   -6.7981063017e+01
   -6.7981063017e+01
   -6.7981063017e+01
   -6.7981063017e+01
   -6.7981063017e+01
   -6.7997856992e+01
   -6.7997856992e+01
   -6.7997856992e+01
   -6.7997856992e+01
   -6.7997856992e+01
   -6.7997856992e+01
   -6.7997856992e+01
   -6.7997856992e+01
   -6.7618314114e+01
   -6.8047989227e+01
   -6.8489064631e+01
   -6.8691377108e+01
   -6.8489064631e+01
   -6.8691377108e+01
   -6.7208943513e+01
   -6.7209582358e+01
   -6.7209582358e+01
   -6.7209582358e+01
   -6.7209582358e+01
   -6.7209582358e+01
   -6.7209582358e+01
   -6.7209582358e+01
   -6.7209582358e+01
   -6.7228015632e+01
   -6.7228015632e+01
   -6.7228015632e+01
   -6.7228015632e+01
   -6.7505376093e+01
   -6.7505376093e+01
   -6.7505376093e+01
   -6.7505376093e+01
   -6.7505376093e+01
   -6.7505376093e+01
   -6.7505376093e+01
   -6.7505376093e+01
   -6.7515902601e+01
   -6.7515902601e+01
   -6.7515902601e+01
   -6.7515902601e+01
   -6.7630106710e+01
   -6.7630106710e+01
   -6.7630106710e+01
   -6.7630106710e+01
   -6.7630106710e+01
   -6.7630106710e+01
   -6.7630106710e+01
   -6.7630106710e+01
   -6.7636506186e+01
   -6.7636506186e+01
   -6.7636506186e+01
   -6.7636506186e+01
   -6.7205155952e+01
   -6.7262424356e+01
   -6.7383531235e+01
   -6.7503671513e+01
   -6.7503671513e+01
   -6.7598918608e+01
   -6.7598918608e+01
   -6.7681737480e+01
   -6.7681737480e+01
   -6.7681737480e+01
   -6.7681737480e+01
   -6.7681737480e+01
   -6.7681737480e+01
   -6.7681737480e+01
   -6.7681737480e+01
   -6.7731937856e+01
   -6.7731937856e+01
   -6.7731937856e+01
   -6.7731937856e+01
   -6.7731937856e+01
   -6.7731937856e+01
   -6.7731937856e+01
   -6.7731937856e+01
   -6.7752102719e+01
   -6.7752102719e+01
   -6.7752102719e+01
   -6.7752102719e+01
   -6.7752102719e+01
   -6.7752102719e+01
   -6.7752102719e+01
   -6.7752102719e+01
   -6.7344517154e+01
   -6.7805363649e+01
   -6.8281979108e+01
   -6.8502006366e+01
   -6.8281979108e+01
   -6.8502006366e+01
   -6.6931927022e+01
   -6.6926656501e+01
   -6.6926656501e+01
   -6.6926656501e+01
   -6.6926656501e+01
   -6.6926656501e+01
   -6.6926656501e+01
   -6.6926656501e+01
   -6.6926656501e+01
   -6.6944877612e+01
   -6.6944877612e+01
   -6.6944877612e+01
   -6.6944877612e+01
   -6.7233132766e+01
   -6.7233132766e+01
   -6.7233132766e+01
   -6.7233132766e+01
   -6.7233132766e+01
   -6.7233132766e+01
   -6.7233132766e+01
   -6.7233132766e+01
   -6.7244210317e+01
   -6.7244210317e+01
   -6.7244210317e+01
   -6.7244210317e+01
   -6.7365468573e+01
   -6.7365468573e+01
   -6.7365468573e+01
   -6.7365468573e+01
   -6.7365468573e+01
   -6.7365468573e+01
   -6.7365468573e+01
   -6.7365468573e+01
   -6.7372639752e+01
   -6.7372639752e+01
   -6.7372639752e+01
   -6.7372639752e+01
   -6.6927283632e+01
   -6.6984570474e+01
   -6.7109740820e+01
   -6.7235489889e+01
   -6.7235489889e+01
   -6.7337131955e+01
   -6.7337131955e+01
   -6.7427519123e+01
   -6.7427519123e+01
   -6.7427519123e+01
   -6.7427519123e+01
   -6.7427519123e+01
   -6.7427519123e+01
   -6.7427519123e+01
   -6.7427519123e+01
   -6.7484273200e+01
   -6.7484273200e+01
   -6.7484273200e+01
   -6.7484273200e+01
   -6.7484273200e+01
   -6.7484273200e+01
   -6.7484273200e+01
   -6.7484273200e+01
   -6.7507727039e+01
   -6.7507727039e+01
   -6.7507727039e+01
   -6.7507727039e+01
   -6.7507727039e+01
   -6.7507727039e+01
   -6.7507727039e+01
   -6.7507727039e+01
   -6.7075226368e+01
   -6.7564393019e+01
   -6.8073221845e+01
   -6.8309267735e+01
   -6.8073221845e+01
   -6.8309267735e+01
   -6.6656133187e+01
   -6.6644759620e+01
   -6.6644759620e+01
   -6.6644759620e+01
   -6.6644759620e+01
   -6.6644759620e+01
   -6.6644759620e+01
   -6.6644759620e+01
   -6.6644759620e+01
   -6.6662719947e+01
   -6.6662719947e+01
   -6.6662719947e+01
   -6.6662719947e+01
   -6.6961461770e+01
   -6.6961461770e+01
   -6.6961461770e+01
   -6.6961461770e+01
   -6.6961461770e+01
   -6.6961461770e+01
   -6.6961461770e+01
   -6.6961461770e+01
   -6.6973046223e+01
   -6.6973046223e+01
   -6.6973046223e+01
   -6.6973046223e+01
   -6.7101036301e+01
   -6.7101036301e+01
   -6.7101036301e+01
   -6.7101036301e+01
   -6.7101036301e+01
   -6.7101036301e+01
   -6.7101036301e+01
   -6.7101036301e+01
   -6.7108957642e+01
   -6.7108957642e+01
   -6.7108957642e+01
   -6.7108957642e+01
   -6.6650674609e+01
   -6.6707853275e+01
   -6.6836962404e+01
   -6.6968145678e+01
   -6.6968145678e+01
   -6.7075986972e+01
   -6.7075986972e+01
   -6.7173740161e+01
   -6.7173740161e+01
   -6.7173740161e+01
   -6.7173740161e+01
   -6.7173740161e+01
   -6.7173740161e+01
   -6.7173740161e+01
   -6.7173740161e+01
   -6.7236947268e+01
   -6.7236947268e+01
   -6.7236947268e+01
   -6.7236947268e+01
   -6.7236947268e+01
   -6.7236947268e+01
   -6.7236947268e+01
   -6.7236947268e+01
   -6.7263671084e+01
   -6.7263671084e+01
   -6.7263671084e+01
   -6.7263671084e+01
   -6.7263671084e+01
   -6.7263671084e+01
   -6.7263671084e+01
   -6.7263671084e+01
   -6.6806980664e+01
   -6.7323806210e+01
   -6.7864076867e+01
   -6.8115748015e+01
   -6.7864076867e+01
   -6.8115748015e+01
   -6.6380339352e+01
   -6.6362862739e+01
   -6.6362862739e+01
   -6.6362862739e+01
   -6.6362862739e+01
   -6.6362862739e+01
   -6.6362862739e+01
   -6.6362862739e+01
   -6.6362862739e+01
   -6.6380562283e+01
   -6.6380562283e+01
   -6.6380562283e+01
   -6.6380562283e+01
   -6.6689790773e+01
   -6.6689790773e+01
   -6.6689790773e+01
   -6.6689790773e+01
   -6.6689790773e+01
   -6.6689790773e+01
   -6.6689790773e+01
   -6.6689790773e+01
   -6.6701882129e+01
   -6.6701882129e+01
   -6.6701882129e+01
   -6.6701882129e+01
   -6.6836604029e+01
   -6.6836604029e+01
   -6.6836604029e+01
   -6.6836604029e+01
   -6.6836604029e+01
   -6.6836604029e+01
   -6.6836604029e+01
   -6.6836604029e+01
   -6.6845275531e+01
   -6.6845275531e+01
   -6.6845275531e+01
   -6.6845275531e+01
   -6.6374065586e+01
   -6.6431136076e+01
   -6.6564183988e+01
   -6.6700801467e+01
   -6.6700801467e+01
   -6.6814841989e+01
   -6.6814841989e+01
   -6.6919961199e+01
   -6.6919961199e+01
   -6.6919961199e+01
   -6.6919961199e+01
   -6.6919961199e+01
   -6.6919961199e+01
   -6.6919961199e+01
   -6.6919961199e+01
   -6.6989621336e+01
   -6.6989621336e+01
   -6.6989621336e+01
   -6.6989621336e+01
   -6.6989621336e+01
   -6.6989621336e+01
   -6.6989621336e+01
   -6.6989621336e+01
   -6.7019615130e+01
   -6.7019615130e+01
   -6.7019615130e+01
   -6.7019615130e+01
   -6.7019615130e+01
   -6.7019615130e+01
   -6.7019615130e+01
   -6.7019615130e+01
   -6.6538734960e+01
   -6.7083219400e+01
   -6.7654931889e+01
   -6.7922228295e+01
   -6.7654931889e+01
   -6.7922228295e+01
   -6.6110408217e+01
   -6.6085898993e+01
   -6.6085898993e+01
   -6.6085898993e+01
   -6.6085898993e+01
   -6.6085898993e+01
   -6.6085898993e+01
   -6.6085898993e+01
   -6.6085898993e+01
   -6.6103202850e+01
   -6.6103202850e+01
   -6.6103202850e+01
   -6.6103202850e+01
   -6.6421650863e+01
   -6.6421650863e+01
   -6.6421650863e+01
   -6.6421650863e+01
   -6.6421650863e+01
   -6.6421650863e+01
   -6.6421650863e+01
   -6.6421650863e+01
   -6.6434034439e+01
   -6.6434034439e+01
   -6.6434034439e+01
   -6.6434034439e+01
   -6.6574158276e+01
   -6.6574158276e+01
   -6.6574158276e+01
   -6.6574158276e+01
   -6.6574158276e+01
   -6.6574158276e+01
   -6.6574158276e+01
   -6.6574158276e+01
   -6.6583422017e+01
   -6.6583422017e+01
   -6.6583422017e+01
   -6.6583422017e+01
   -6.6103572578e+01
