   -4.3006650767e-04
    3.7620200164e-06
    3.7620200164e-06
    3.7620200164e-06
    3.7620200164e-06
    3.7620200164e-06
    3.7620200164e-06
    3.7620200164e-06
    3.7620200164e-06
    1.1229392391e-08
    1.1229392391e-08
    1.1229392391e-08
    1.1229392391e-08
    7.5364164205e-09
    7.5364164205e-09
    7.5364164205e-09
    7.5364164205e-09
    7.5364164205e-09
    7.5364164205e-09
    7.5364164205e-09
    7.5364164205e-09
    5.8141461116e-09
    5.8141461116e-09
    5.8141461116e-09
    5.8141461116e-09
    3.4621092456e-12
    3.4621092456e-12
    3.4621092456e-12
    3.4621092456e-12
    3.4621092456e-12
    3.4621092456e-12
    3.4621092456e-12
    3.4621092456e-12
    2.6710048098e-12
    2.6710048098e-12
    2.6710048098e-12
    2.6710048098e-12
    2.3848485424e-04
    6.1316011349e-07
    2.6630675447e-07
    3.4222854752e-10
    3.4222854752e-10
    6.2288107119e-13
    6.2288107119e-13
   -4.5688058549e-16
   -4.5688058549e-16
   -4.5688058549e-16
   -4.5688058549e-16
   -4.5688058549e-16
   -4.5688058549e-16
   -4.5688058549e-16
   -4.5688058549e-16
    9.0215487125e-19
    9.0215487125e-19
    9.0215487125e-19
    9.0215487125e-19
    9.0215487125e-19
    9.0215487125e-19
    9.0215487125e-19
    9.0215487125e-19
    9.0215487125e-19
    9.0215487125e-19
    9.0215487125e-19
    9.0215487125e-19
    9.0215487125e-19
    9.0215487125e-19
    9.0215487125e-19
    9.0215487125e-19
    1.5925923892e-04
    1.2136632348e-06
    1.9626286264e-09
    4.4988481094e-12
    1.9626286264e-09
    4.4988481094e-12
   -1.8265852115e-02
   -8.8718836315e-05
   -8.8718836315e-05
   -8.8718836315e-05
   -8.8718836315e-05
   -8.8718836315e-05
   -8.8718836315e-05
   -8.8718836315e-05
   -8.8718836315e-05
   -2.6782821645e-04
   -2.6782821645e-04
   -2.6782821645e-04
   -2.6782821645e-04
    4.2440802491e-04
    4.2440802491e-04
    4.2440802491e-04
    4.2440802491e-04
    4.2440802491e-04
    4.2440802491e-04
    4.2440802491e-04
    4.2440802491e-04
    3.9798585074e-04
    3.9798585074e-04
    3.9798585074e-04
    3.9798585074e-04
    5.8186842109e-05
    5.8186842109e-05
    5.8186842109e-05
    5.8186842109e-05
    5.8186842109e-05
    5.8186842109e-05
    5.8186842109e-05
    5.8186842109e-05
    5.4522772694e-05
    5.4522772694e-05
    5.4522772694e-05
    5.4522772694e-05
   -5.2934599778e-03
   -2.5525903052e-03
    8.2200080982e-03
    1.7957255982e-03
    1.7957255982e-03
    5.5991718549e-04
    5.5991718549e-04
    4.3768325677e-05
    4.3768325677e-05
    4.3768325677e-05
    4.3768325677e-05
    4.3768325677e-05
    4.3768325677e-05
    4.3768325677e-05
    4.3768325677e-05
    7.1987209404e-06
    7.1987209404e-06
    7.1987209404e-06
    7.1987209404e-06
    7.1987209404e-06
    7.1987209404e-06
    7.1987209404e-06
    7.1987209404e-06
    1.3626051407e-06
    1.3626051407e-06
    1.3626051407e-06
    1.3626051407e-06
    1.3626051407e-06
    1.3626051407e-06
    1.3626051407e-06
    1.3626051407e-06
    3.3207255198e-03
    3.0946976956e-03
    8.5212662180e-04
    3.7628259240e-04
    8.5212662180e-04
    3.7628259240e-04
   -2.0651264116e-02
   -4.6048880297e-04
   -4.6048880297e-04
   -4.6048880297e-04
   -4.6048880297e-04
   -4.6048880297e-04
   -4.6048880297e-04
   -4.6048880297e-04
   -4.6048880297e-04
   -6.1370517297e-04
   -6.1370517297e-04
   -6.1370517297e-04
   -6.1370517297e-04
    7.2637440878e-04
    7.2637440878e-04
    7.2637440878e-04
    7.2637440878e-04
    7.2637440878e-04
    7.2637440878e-04
    7.2637440878e-04
    7.2637440878e-04
    6.8277177603e-04
    6.8277177603e-04
    6.8277177603e-04
    6.8277177603e-04
    1.7873746131e-04
    1.7873746131e-04
    1.7873746131e-04
    1.7873746131e-04
    1.7873746131e-04
    1.7873746131e-04
    1.7873746131e-04
    1.7873746131e-04
    1.6787612610e-04
    1.6787612610e-04
    1.6787612610e-04
    1.6787612610e-04
   -1.2116593461e-02
   -5.2418156792e-03
    1.0164177059e-02
    3.2475873584e-03
    3.2475873584e-03
    1.4445478655e-03
    1.4445478655e-03
    1.7258339504e-04
    1.7258339504e-04
    1.7258339504e-04
    1.7258339504e-04
    1.7258339504e-04
    1.7258339504e-04
    1.7258339504e-04
    1.7258339504e-04
    4.2690317027e-05
    4.2690317027e-05
    4.2690317027e-05
    4.2690317027e-05
    4.2690317027e-05
    4.2690317027e-05
    4.2690317027e-05
    4.2690317027e-05
    1.2287232606e-05
    1.2287232606e-05
    1.2287232606e-05
    1.2287232606e-05
    1.2287232606e-05
    1.2287232606e-05
    1.2287232606e-05
    1.2287232606e-05
    3.4823052073e-03
    3.8417264304e-03
    1.4859778746e-03
    9.1999767517e-04
    1.4859778746e-03
    9.1999767517e-04
   -2.1474230141e-02
   -7.8476673183e-04
   -7.8476673183e-04
   -7.8476673183e-04
   -7.8476673183e-04
   -7.8476673183e-04
   -7.8476673183e-04
   -7.8476673183e-04
   -7.8476673183e-04
   -8.8614307950e-04
   -8.8614307950e-04
   -8.8614307950e-04
   -8.8614307950e-04
    8.7769803162e-04
    8.7769803162e-04
    8.7769803162e-04
    8.7769803162e-04
    8.7769803162e-04
    8.7769803162e-04
    8.7769803162e-04
    8.7769803162e-04
    8.2869218420e-04
    8.2869218420e-04
    8.2869218420e-04
    8.2869218420e-04
    3.0372382955e-04
    3.0372382955e-04
    3.0372382955e-04
    3.0372382955e-04
    3.0372382955e-04
    3.0372382955e-04
    3.0372382955e-04
    3.0372382955e-04
    2.8606177312e-04
    2.8606177312e-04
    2.8606177312e-04
    2.8606177312e-04
   -1.5834952162e-02
   -7.1657025460e-03
    9.8183787363e-03
    3.8797064101e-03
    3.8797064101e-03
    2.0999441911e-03
    2.0999441911e-03
    3.1797974962e-04
    3.1797974962e-04
    3.1797974962e-04
    3.1797974962e-04
    3.1797974962e-04
    3.1797974962e-04
    3.1797974962e-04
    3.1797974962e-04
    9.7908576055e-05
    9.7908576055e-05
    9.7908576055e-05
    9.7908576055e-05
    9.7908576055e-05
    9.7908576055e-05
    9.7908576055e-05
    9.7908576055e-05
    3.4687833461e-05
    3.4687833461e-05
    3.4687833461e-05
    3.4687833461e-05
    3.4687833461e-05
    3.4687833461e-05
    3.4687833461e-05
    3.4687833461e-05
    3.7728369884e-03
    4.4161115394e-03
    1.9860622092e-03
    1.4219190723e-03
    1.9860622092e-03
    1.4219190723e-03
   -2.1902659400e-02
   -1.0302763068e-03
   -1.0302763068e-03
   -1.0302763068e-03
   -1.0302763068e-03
   -1.0302763068e-03
   -1.0302763068e-03
   -1.0302763068e-03
   -1.0302763068e-03
   -1.0905656281e-03
   -1.0905656281e-03
   -1.0905656281e-03
   -1.0905656281e-03
    9.4188320259e-04
    9.4188320259e-04
    9.4188320259e-04
    9.4188320259e-04
    9.4188320259e-04
    9.4188320259e-04
    9.4188320259e-04
    9.4188320259e-04
    8.9507510701e-04
    8.9507510701e-04
    8.9507510701e-04
    8.9507510701e-04
    4.1287206924e-04
    4.1287206924e-04
    4.1287206924e-04
    4.1287206924e-04
    4.1287206924e-04
    4.1287206924e-04
    4.1287206924e-04
    4.1287206924e-04
    3.9059051816e-04
    3.9059051816e-04
    3.9059051816e-04
    3.9059051816e-04
   -1.7868563432e-02
   -8.5965840475e-03
    9.0676810026e-03
    4.0356184785e-03
    4.0356184785e-03
    2.4705018357e-03
    2.4705018357e-03
    4.4338050194e-04
    4.4338050194e-04
    4.4338050194e-04
    4.4338050194e-04
    4.4338050194e-04
    4.4338050194e-04
    4.4338050194e-04
    4.4338050194e-04
    1.6390297881e-04
    1.6390297881e-04
    1.6390297881e-04
    1.6390297881e-04
    1.6390297881e-04
    1.6390297881e-04
    1.6390297881e-04
    1.6390297881e-04
    7.0524236885e-05
    7.0524236885e-05
    7.0524236885e-05
    7.0524236885e-05
    7.0524236885e-05
    7.0524236885e-05
    7.0524236885e-05
    7.0524236885e-05
    4.0687839011e-03
    4.9215090470e-03
    2.3976046692e-03
    1.8518447561e-03
    2.3976046692e-03
    1.8518447561e-03
   -2.2397567233e-02
   -1.2265305090e-03
   -1.2265305090e-03
   -1.2265305090e-03
   -1.2265305090e-03
   -1.2265305090e-03
   -1.2265305090e-03
   -1.2265305090e-03
   -1.2265305090e-03
   -1.2618305558e-03
   -1.2618305558e-03
   -1.2618305558e-03
   -1.2618305558e-03
    9.7730830531e-04
    9.7730830531e-04
    9.7730830531e-04
    9.7730830531e-04
    9.7730830531e-04
    9.7730830531e-04
    9.7730830531e-04
    9.7730830531e-04
    9.3544756191e-04
    9.3544756191e-04
    9.3544756191e-04
    9.3544756191e-04
    5.0754894777e-04
    5.0754894777e-04
    5.0754894777e-04
    5.0754894777e-04
    5.0754894777e-04
    5.0754894777e-04
    5.0754894777e-04
    5.0754894777e-04
    4.8247049427e-04
    4.8247049427e-04
    4.8247049427e-04
    4.8247049427e-04
   -1.9327479598e-02
   -9.8301624897e-03
    8.5543887184e-03
    4.0406513684e-03
    4.0406513684e-03
    2.6815825768e-03
    2.6815825768e-03
    5.4673981541e-04
    5.4673981541e-04
    5.4673981541e-04
    5.4673981541e-04
    5.4673981541e-04
    5.4673981541e-04
    5.4673981541e-04
    5.4673981541e-04
    2.3304810877e-04
    2.3304810877e-04
    2.3304810877e-04
    2.3304810877e-04
    2.3304810877e-04
    2.3304810877e-04
    2.3304810877e-04
    2.3304810877e-04
    1.1517301682e-04
    1.1517301682e-04
    1.1517301682e-04
    1.1517301682e-04
    1.1517301682e-04
    1.1517301682e-04
    1.1517301682e-04
    1.1517301682e-04
    4.3415225702e-03
    5.3830720456e-03
    2.7599211302e-03
    2.2306321769e-03
    2.7599211302e-03
    2.2306321769e-03
   -2.2896946176e-02
   -1.4010369691e-03
   -1.4010369691e-03
   -1.4010369691e-03
   -1.4010369691e-03
   -1.4010369691e-03
   -1.4010369691e-03
   -1.4010369691e-03
   -1.4010369691e-03
   -1.4194159332e-03
   -1.4194159332e-03
   -1.4194159332e-03
   -1.4194159332e-03
    1.0063770581e-03
    1.0063770581e-03
    1.0063770581e-03
    1.0063770581e-03
    1.0063770581e-03
    1.0063770581e-03
    1.0063770581e-03
    1.0063770581e-03
    9.6949085708e-04
    9.6949085708e-04
    9.6949085708e-04
    9.6949085708e-04
    5.9015767258e-04
    5.9015767258e-04
    5.9015767258e-04
    5.9015767258e-04
    5.9015767258e-04
    5.9015767258e-04
    5.9015767258e-04
    5.9015767258e-04
    5.6357672325e-04
    5.6357672325e-04
    5.6357672325e-04
    5.6357672325e-04
   -2.0571573357e-02
   -1.0984298970e-02
    8.1984008921e-03
    4.0306021935e-03
    4.0306021935e-03
    2.8316371541e-03
    2.8316371541e-03
    6.3255823261e-04
    6.3255823261e-04
    6.3255823261e-04
    6.3255823261e-04
    6.3255823261e-04
    6.3255823261e-04
    6.3255823261e-04
    6.3255823261e-04
    2.9979001476e-04
    2.9979001476e-04
    2.9979001476e-04
    2.9979001476e-04
    2.9979001476e-04
    2.9979001476e-04
    2.9979001476e-04
    2.9979001476e-04
    1.6415678614e-04
    1.6415678614e-04
    1.6415678614e-04
    1.6415678614e-04
    1.6415678614e-04
    1.6415678614e-04
    1.6415678614e-04
    1.6415678614e-04
    4.5993032081e-03
    5.8123955712e-03
    3.0904239027e-03
    2.5733816906e-03
    3.0904239027e-03
    2.5733816906e-03
   -2.3399786982e-02
   -1.5587047307e-03
   -1.5587047307e-03
   -1.5587047307e-03
   -1.5587047307e-03
   -1.5587047307e-03
   -1.5587047307e-03
   -1.5587047307e-03
   -1.5587047307e-03
   -1.5664095985e-03
   -1.5664095985e-03
   -1.5664095985e-03
   -1.5664095985e-03
    1.0305242582e-03
    1.0305242582e-03
    1.0305242582e-03
    1.0305242582e-03
    1.0305242582e-03
    1.0305242582e-03
    1.0305242582e-03
    1.0305242582e-03
    9.9863365221e-04
    9.9863365221e-04
    9.9863365221e-04
    9.9863365221e-04
    6.6342234694e-04
    6.6342234694e-04
    6.6342234694e-04
    6.6342234694e-04
    6.6342234694e-04
    6.6342234694e-04
    6.6342234694e-04
    6.6342234694e-04
    6.3634112636e-04
    6.3634112636e-04
    6.3634112636e-04
    6.3634112636e-04
   -2.1649335839e-02
   -1.2076925651e-02
    7.9642097235e-03
    4.0088753769e-03
    4.0088753769e-03
    2.9344407958e-03
    2.9344407958e-03
    7.0479520038e-04
    7.0479520038e-04
    7.0479520038e-04
    7.0479520038e-04
    7.0479520038e-04
    7.0479520038e-04
    7.0479520038e-04
    7.0479520038e-04
    3.6467116834e-04
    3.6467116834e-04
    3.6467116834e-04
    3.6467116834e-04
    3.6467116834e-04
    3.6467116834e-04
    3.6467116834e-04
    3.6467116834e-04
    2.1649702245e-04
    2.1649702245e-04
    2.1649702245e-04
    2.1649702245e-04
    2.1649702245e-04
    2.1649702245e-04
    2.1649702245e-04
    2.1649702245e-04
    4.8455022403e-03
    6.2167569303e-03
    3.3962941822e-03
    2.8882280112e-03
    3.3962941822e-03
    2.8882280112e-03
   -2.3874054284e-02
   -1.7054670325e-03
   -1.7054670325e-03
   -1.7054670325e-03
   -1.7054670325e-03
   -1.7054670325e-03
   -1.7054670325e-03
   -1.7054670325e-03
   -1.7054670325e-03
   -1.7061021220e-03
   -1.7061021220e-03
   -1.7061021220e-03
   -1.7061021220e-03
    1.0530426471e-03
    1.0530426471e-03
    1.0530426471e-03
    1.0530426471e-03
    1.0530426471e-03
    1.0530426471e-03
    1.0530426471e-03
    1.0530426471e-03
    1.0253940817e-03
    1.0253940817e-03
    1.0253940817e-03
    1.0253940817e-03
    7.2599254443e-04
    7.2599254443e-04
    7.2599254443e-04
    7.2599254443e-04
    7.2599254443e-04
    7.2599254443e-04
    7.2599254443e-04
    7.2599254443e-04
    6.9928745977e-04
    6.9928745977e-04
    6.9928745977e-04
    6.9928745977e-04
   -2.2552821620e-02
   -1.3123993086e-02
    7.8132276447e-03
    3.9954424458e-03
    3.9954424458e-03
    3.0115744251e-03
    3.0115744251e-03
    7.6391915513e-04
    7.6391915513e-04
    7.6391915513e-04
    7.6391915513e-04
    7.6391915513e-04
    7.6391915513e-04
    7.6391915513e-04
    7.6391915513e-04
    4.2494236881e-04
    4.2494236881e-04
    4.2494236881e-04
    4.2494236881e-04
    4.2494236881e-04
    4.2494236881e-04
    4.2494236881e-04
    4.2494236881e-04
    2.7013032647e-04
    2.7013032647e-04
    2.7013032647e-04
    2.7013032647e-04
    2.7013032647e-04
    2.7013032647e-04
    2.7013032647e-04
    2.7013032647e-04
    5.0755930464e-03
    6.5963919379e-03
    3.6804954620e-03
    3.1779169709e-03
    3.6804954620e-03
    3.1779169709e-03
   -2.4335344219e-02
   -1.8472763490e-03
   -1.8472763490e-03
   -1.8472763490e-03
   -1.8472763490e-03
   -1.8472763490e-03
   -1.8472763490e-03
   -1.8472763490e-03
   -1.8472763490e-03
   -1.8424786508e-03
   -1.8424786508e-03
   -1.8424786508e-03
   -1.8424786508e-03
    1.0748212709e-03
    1.0748212709e-03
    1.0748212709e-03
    1.0748212709e-03
    1.0748212709e-03
    1.0748212709e-03
    1.0748212709e-03
    1.0748212709e-03
    1.0510725007e-03
    1.0510725007e-03
    1.0510725007e-03
    1.0510725007e-03
    7.8370557985e-04
    7.8370557985e-04
    7.8370557985e-04
    7.8370557985e-04
    7.8370557985e-04
    7.8370557985e-04
    7.8370557985e-04
    7.8370557985e-04
    7.5777467318e-04
    7.5777467318e-04
    7.5777467318e-04
    7.5777467318e-04
   -2.3377155313e-02
   -1.4150368659e-02
    7.7000370389e-03
    3.9857763886e-03
    3.9857763886e-03
    3.0770493812e-03
    3.0770493812e-03
    8.1708750959e-04
    8.1708750959e-04
    8.1708750959e-04
    8.1708750959e-04
    8.1708750959e-04
    8.1708750959e-04
    8.1708750959e-04
    8.1708750959e-04
    4.8311984468e-04
    4.8311984468e-04
    4.8311984468e-04
    4.8311984468e-04
    4.8311984468e-04
    4.8311984468e-04
    4.8311984468e-04
    4.8311984468e-04
    3.2435090928e-04
    3.2435090928e-04
    3.2435090928e-04
    3.2435090928e-04
    3.2435090928e-04
    3.2435090928e-04
    3.2435090928e-04
    3.2435090928e-04
    5.2983679017e-03
    6.9647968594e-03
    3.9548552277e-03
    3.4561800908e-03
    3.9548552277e-03
    3.4561800908e-03
   -2.4696213071e-02
   -1.9872701077e-03
   -1.9872701077e-03
   -1.9872701077e-03
   -1.9872701077e-03
   -1.9872701077e-03
   -1.9872701077e-03
   -1.9872701077e-03
   -1.9872701077e-03
   -1.9784566595e-03
   -1.9784566595e-03
   -1.9784566595e-03
   -1.9784566595e-03
    1.0941567668e-03
    1.0941567668e-03
    1.0941567668e-03
    1.0941567668e-03
    1.0941567668e-03
    1.0941567668e-03
    1.0941567668e-03
    1.0941567668e-03
    1.0738169149e-03
    1.0738169149e-03
    1.0738169149e-03
    1.0738169149e-03
    8.3149040030e-04
    8.3149040030e-04
    8.3149040030e-04
    8.3149040030e-04
    8.3149040030e-04
    8.3149040030e-04
    8.3149040030e-04
    8.3149040030e-04
    8.0694593916e-04
    8.0694593916e-04
    8.0694593916e-04
    8.0694593916e-04
   -2.3841820879e-02
   -1.5197436134e-02
    7.6022097295e-03
    3.9759867358e-03
    3.9759867358e-03
    3.1261092567e-03
    3.1261092567e-03
    8.6012968706e-04
    8.6012968706e-04
    8.6012968706e-04
    8.6012968706e-04
    8.6012968706e-04
    8.6012968706e-04
    8.6012968706e-04
    8.6012968706e-04
    5.3563281717e-04
    5.3563281717e-04
    5.3563281717e-04
    5.3563281717e-04
    5.3563281717e-04
    5.3563281717e-04
    5.3563281717e-04
    5.3563281717e-04
    3.7725392477e-04
    3.7725392477e-04
    3.7725392477e-04
    3.7725392477e-04
    3.7725392477e-04
    3.7725392477e-04
    3.7725392477e-04
    3.7725392477e-04
    5.5029712988e-03
    7.3018633637e-03
    4.2041303327e-03
    3.7078001781e-03
    4.2041303327e-03
    3.7078001781e-03
   -2.5033792027e-02
   -2.1268427978e-03
   -2.1268427978e-03
   -2.1268427978e-03
   -2.1268427978e-03
   -2.1268427978e-03
   -2.1268427978e-03
   -2.1268427978e-03
   -2.1268427978e-03
   -2.1143422425e-03
   -2.1143422425e-03
   -2.1143422425e-03
   -2.1143422425e-03
    1.1129256466e-03
    1.1129256466e-03
    1.1129256466e-03
    1.1129256466e-03
    1.1129256466e-03
    1.1129256466e-03
    1.1129256466e-03
    1.1129256466e-03
    1.0958808678e-03
    1.0958808678e-03
    1.0958808678e-03
    1.0958808678e-03
    8.7697264563e-04
    8.7697264563e-04
    8.7697264563e-04
    8.7697264563e-04
    8.7697264563e-04
    8.7697264563e-04
    8.7697264563e-04
    8.7697264563e-04
    8.5395662854e-04
    8.5395662854e-04
    8.5395662854e-04
    8.5395662854e-04
   -2.4223071362e-02
   -1.6249302524e-02
    7.5079455122e-03
    3.9661684185e-03
    3.9661684185e-03
    3.1713621078e-03
    3.1713621078e-03
    9.0082337757e-04
    9.0082337757e-04
    9.0082337757e-04
    9.0082337757e-04
    9.0082337757e-04
    9.0082337757e-04
    9.0082337757e-04
    9.0082337757e-04
    5.8683206463e-04
    5.8683206463e-04
    5.8683206463e-04
    5.8683206463e-04
    5.8683206463e-04
    5.8683206463e-04
    5.8683206463e-04
    5.8683206463e-04
    4.2985136692e-04
    4.2985136692e-04
    4.2985136692e-04
    4.2985136692e-04
    4.2985136692e-04
    4.2985136692e-04
    4.2985136692e-04
    4.2985136692e-04
    5.7033603284e-03
    7.6316617881e-03
    4.4475877436e-03
    3.9532411502e-03
    4.4475877436e-03
    3.9532411502e-03
   -2.5371370984e-02
   -2.2664154879e-03
   -2.2664154879e-03
   -2.2664154879e-03
   -2.2664154879e-03
   -2.2664154879e-03
   -2.2664154879e-03
   -2.2664154879e-03
   -2.2664154879e-03
   -2.2502278255e-03
   -2.2502278255e-03
   -2.2502278255e-03
   -2.2502278255e-03
    1.1316945264e-03
    1.1316945264e-03
    1.1316945264e-03
    1.1316945264e-03
    1.1316945264e-03
    1.1316945264e-03
    1.1316945264e-03
    1.1316945264e-03
    1.1179448208e-03
    1.1179448208e-03
    1.1179448208e-03
    1.1179448208e-03
    9.2245489095e-04
    9.2245489095e-04
    9.2245489095e-04
    9.2245489095e-04
    9.2245489095e-04
    9.2245489095e-04
    9.2245489095e-04
    9.2245489095e-04
    9.0096731793e-04
    9.0096731793e-04
    9.0096731793e-04
    9.0096731793e-04
   -2.4604321844e-02
   -1.7301168914e-02
    7.4136812949e-03
    3.9563501011e-03
    3.9563501011e-03
    3.2166149589e-03
    3.2166149589e-03
    9.4151706808e-04
    9.4151706808e-04
    9.4151706808e-04
    9.4151706808e-04
    9.4151706808e-04
    9.4151706808e-04
    9.4151706808e-04
    9.4151706808e-04
    6.3803131208e-04
    6.3803131208e-04
    6.3803131208e-04
    6.3803131208e-04
    6.3803131208e-04
    6.3803131208e-04
    6.3803131208e-04
    6.3803131208e-04
    4.8244880906e-04
    4.8244880906e-04
    4.8244880906e-04
    4.8244880906e-04
    4.8244880906e-04
    4.8244880906e-04
    4.8244880906e-04
    4.8244880906e-04
    5.9037493579e-03
    7.9614602124e-03
    4.6910451546e-03
    4.1986821223e-03
    4.6910451546e-03
    4.1986821223e-03
   -2.5648290772e-02
   -2.4089793108e-03
   -2.4089793108e-03
   -2.4089793108e-03
   -2.4089793108e-03
   -2.4089793108e-03
   -2.4089793108e-03
   -2.4089793108e-03
   -2.4089793108e-03
   -2.3910295573e-03
   -2.3910295573e-03
   -2.3910295573e-03
   -2.3910295573e-03
    1.1513588791e-03
    1.1513588791e-03
    1.1513588791e-03
    1.1513588791e-03
    1.1513588791e-03
    1.1513588791e-03
    1.1513588791e-03
    1.1513588791e-03
    1.1400463352e-03
    1.1400463352e-03
    1.1400463352e-03
    1.1400463352e-03
    9.5823233860e-04
    9.5823233860e-04
    9.5823233860e-04
    9.5823233860e-04
    9.5823233860e-04
    9.5823233860e-04
    9.5823233860e-04
    9.5823233860e-04
    9.3862983918e-04
    9.3862983918e-04
    9.3862983918e-04
    9.3862983918e-04
   -2.4640160713e-02
