    4.3669225307e-04
   -6.0494279315e-06
   -6.0494279315e-06
   -6.0494279315e-06
   -6.0494279315e-06
   -6.0494279315e-06
   -6.0494279315e-06
   -6.0494279315e-06
   -6.0494279315e-06
   -2.7000541468e-08
   -2.7000541468e-08
   -2.7000541468e-08
   -2.7000541468e-08
    3.0312423340e-09
    3.0312423340e-09
    3.0312423340e-09
    3.0312423340e-09
    3.0312423340e-09
    3.0312423340e-09
    3.0312423340e-09
    3.0312423340e-09
    5.7965918084e-09
    5.7965918084e-09
    5.7965918084e-09
    5.7965918084e-09
    1.3925579482e-12
    1.3925579482e-12
    1.3925579482e-12
    1.3925579482e-12
    1.3925579482e-12
    1.3925579482e-12
    1.3925579482e-12
    1.3925579482e-12
    2.6627906070e-12
    2.6627906070e-12
    2.6627906070e-12
    2.6627906070e-12
   -3.8361427825e-04
   -1.3526777606e-06
    2.6059772397e-07
    3.3489109676e-10
    3.3489109676e-10
    6.0859715973e-13
    6.0859715973e-13
   -4.5688058549e-16
   -4.5688058549e-16
   -4.5688058549e-16
   -4.5688058549e-16
   -4.5688058549e-16
   -4.5688058549e-16
   -4.5688058549e-16
   -4.5688058549e-16
    9.0215487125e-19
    9.0215487125e-19
    9.0215487125e-19
    9.0215487125e-19
    9.0215487125e-19
    9.0215487125e-19
    9.0215487125e-19
    9.0215487125e-19
    9.0215487125e-19
    9.0215487125e-19
    9.0215487125e-19
    9.0215487125e-19
    9.0215487125e-19
    9.0215487125e-19
    9.0215487125e-19
    9.0215487125e-19
   -3.5038109310e-06
   -2.6701411721e-08
   -4.3179030723e-11
   -9.9111271239e-14
   -4.3179030723e-11
   -9.9111271239e-14
    7.5662768238e-03
   -6.3661919742e-04
   -6.3661919742e-04
   -6.3661919742e-04
   -6.3661919742e-04
   -6.3661919742e-04
   -6.3661919742e-04
   -6.3661919742e-04
   -6.3661919742e-04
   -5.4466962429e-04
   -5.4466962429e-04
   -5.4466962429e-04
   -5.4466962429e-04
    3.4170290454e-04
    3.4170290454e-04
    3.4170290454e-04
    3.4170290454e-04
    3.4170290454e-04
    3.4170290454e-04
    3.4170290454e-04
    3.4170290454e-04
    3.6059669574e-04
    3.6059669574e-04
    3.6059669574e-04
    3.6059669574e-04
    4.6670078641e-05
    4.6670078641e-05
    4.6670078641e-05
    4.6670078641e-05
    4.6670078641e-05
    4.6670078641e-05
    4.6670078641e-05
    4.6670078641e-05
    4.9541688157e-05
    4.9541688157e-05
    4.9541688157e-05
    4.9541688157e-05
   -1.4485829474e-02
   -7.4178395230e-03
    6.1299060459e-03
    1.3390031977e-03
    1.3390031977e-03
    4.1755385794e-04
    4.1755385794e-04
    3.2626149124e-05
    3.2626149124e-05
    3.2626149124e-05
    3.2626149124e-05
    3.2626149124e-05
    3.2626149124e-05
    3.2626149124e-05
    3.2626149124e-05
    5.3575972024e-06
    5.3575972024e-06
    5.3575972024e-06
    5.3575972024e-06
    5.3575972024e-06
    5.3575972024e-06
    5.3575972024e-06
    5.3575972024e-06
    1.0107690470e-06
    1.0107690470e-06
    1.0107690470e-06
    1.0107690470e-06
    1.0107690470e-06
    1.0107690470e-06
    1.0107690470e-06
    1.0107690470e-06
    2.6999686706e-03
    2.3896824603e-03
    6.3386173211e-04
    2.7456798651e-04
    6.3386173211e-04
    2.7456798651e-04
    6.1698160708e-03
   -1.0310489062e-03
   -1.0310489062e-03
   -1.0310489062e-03
   -1.0310489062e-03
   -1.0310489062e-03
   -1.0310489062e-03
   -1.0310489062e-03
   -1.0310489062e-03
   -9.8742024852e-04
   -9.8742024852e-04
   -9.8742024852e-04
   -9.8742024852e-04
    5.7464509970e-04
    5.7464509970e-04
    5.7464509970e-04
    5.7464509970e-04
    5.7464509970e-04
    5.7464509970e-04
    5.7464509970e-04
    5.7464509970e-04
    5.9566249964e-04
    5.9566249964e-04
    5.9566249964e-04
    5.9566249964e-04
    1.4181904301e-04
    1.4181904301e-04
    1.4181904301e-04
    1.4181904301e-04
    1.4181904301e-04
    1.4181904301e-04
    1.4181904301e-04
    1.4181904301e-04
    1.4794442987e-04
    1.4794442987e-04
    1.4794442987e-04
    1.4794442987e-04
   -1.8613868068e-02
   -9.8842165050e-03
    7.4197568832e-03
    2.3847603021e-03
    2.3847603021e-03
    1.0637801734e-03
    1.0637801734e-03
    1.2718823074e-04
    1.2718823074e-04
    1.2718823074e-04
    1.2718823074e-04
    1.2718823074e-04
    1.2718823074e-04
    1.2718823074e-04
    1.2718823074e-04
    3.1406193498e-05
    3.1406193498e-05
    3.1406193498e-05
    3.1406193498e-05
    3.1406193498e-05
    3.1406193498e-05
    3.1406193498e-05
    3.1406193498e-05
    9.0028758935e-06
    9.0028758935e-06
    9.0028758935e-06
    9.0028758935e-06
    9.0028758935e-06
    9.0028758935e-06
    9.0028758935e-06
    9.0028758935e-06
    3.0242114238e-03
    3.2409447163e-03
    1.2130548265e-03
    7.3565892850e-04
    1.2130548265e-03
    7.3565892850e-04
    5.7845262595e-03
   -1.3293370486e-03
   -1.3293370486e-03
   -1.3293370486e-03
   -1.3293370486e-03
   -1.3293370486e-03
   -1.3293370486e-03
   -1.3293370486e-03
   -1.3293370486e-03
   -1.2920691142e-03
   -1.2920691142e-03
   -1.2920691142e-03
   -1.2920691142e-03
    6.7595734487e-04
    6.7595734487e-04
    6.7595734487e-04
    6.7595734487e-04
    6.7595734487e-04
    6.7595734487e-04
    6.7595734487e-04
    6.7595734487e-04
    6.9796849274e-04
    6.9796849274e-04
    6.9796849274e-04
    6.9796849274e-04
    2.3730156885e-04
    2.3730156885e-04
    2.3730156885e-04
    2.3730156885e-04
    2.3730156885e-04
    2.3730156885e-04
    2.3730156885e-04
    2.3730156885e-04
    2.4625827789e-04
    2.4625827789e-04
    2.4625827789e-04
    2.4625827789e-04
   -2.0935406174e-02
   -1.1292607779e-02
    6.9368809055e-03
    2.7843091252e-03
    2.7843091252e-03
    1.5201427955e-03
    1.5201427955e-03
    2.3155171155e-04
    2.3155171155e-04
    2.3155171155e-04
    2.3155171155e-04
    2.3155171155e-04
    2.3155171155e-04
    2.3155171155e-04
    2.3155171155e-04
    7.1447821237e-05
    7.1447821237e-05
    7.1447821237e-05
    7.1447821237e-05
    7.1447821237e-05
    7.1447821237e-05
    7.1447821237e-05
    7.1447821237e-05
    2.5298895398e-05
    2.5298895398e-05
    2.5298895398e-05
    2.5298895398e-05
    2.5298895398e-05
    2.5298895398e-05
    2.5298895398e-05
    2.5298895398e-05
    3.3644216095e-03
    3.8661898425e-03
    1.6918664143e-03
    1.1884828469e-03
    1.6918664143e-03
    1.1884828469e-03
    5.5783546286e-03
   -1.5370247986e-03
   -1.5370247986e-03
   -1.5370247986e-03
   -1.5370247986e-03
   -1.5370247986e-03
   -1.5370247986e-03
   -1.5370247986e-03
   -1.5370247986e-03
   -1.4965923044e-03
   -1.4965923044e-03
   -1.4965923044e-03
   -1.4965923044e-03
    7.0842964539e-04
    7.0842964539e-04
    7.0842964539e-04
    7.0842964539e-04
    7.0842964539e-04
    7.0842964539e-04
    7.0842964539e-04
    7.0842964539e-04
    7.3198047602e-04
    7.3198047602e-04
    7.3198047602e-04
    7.3198047602e-04
    3.1689524207e-04
    3.1689524207e-04
    3.1689524207e-04
    3.1689524207e-04
    3.1689524207e-04
    3.1689524207e-04
    3.1689524207e-04
    3.1689524207e-04
    3.2837106565e-04
    3.2837106565e-04
    3.2837106565e-04
    3.2837106565e-04
   -2.2214980739e-02
   -1.2301226432e-02
    6.2589024787e-03
    2.8385524159e-03
    2.8385524159e-03
    1.7566004113e-03
    1.7566004113e-03
    3.1805164139e-04
    3.1805164139e-04
    3.1805164139e-04
    3.1805164139e-04
    3.1805164139e-04
    3.1805164139e-04
    3.1805164139e-04
    3.1805164139e-04
    1.1829365548e-04
    1.1829365548e-04
    1.1829365548e-04
    1.1829365548e-04
    1.1829365548e-04
    1.1829365548e-04
    1.1829365548e-04
    1.1829365548e-04
    5.1139920439e-05
    5.1139920439e-05
    5.1139920439e-05
    5.1139920439e-05
    5.1139920439e-05
    5.1139920439e-05
    5.1139920439e-05
    5.1139920439e-05
    3.6755091009e-03
    4.3868185102e-03
    2.0915589844e-03
    1.5909397155e-03
    2.0915589844e-03
    1.5909397155e-03
    5.2424174641e-03
   -1.6993316082e-03
   -1.6993316082e-03
   -1.6993316082e-03
   -1.6993316082e-03
   -1.6993316082e-03
   -1.6993316082e-03
   -1.6993316082e-03
   -1.6993316082e-03
   -1.6586865507e-03
   -1.6586865507e-03
   -1.6586865507e-03
   -1.6586865507e-03
    7.2323447184e-04
    7.2323447184e-04
    7.2323447184e-04
    7.2323447184e-04
    7.2323447184e-04
    7.2323447184e-04
    7.2323447184e-04
    7.2323447184e-04
    7.4831365065e-04
    7.4831365065e-04
    7.4831365065e-04
    7.4831365065e-04
    3.8476393999e-04
    3.8476393999e-04
    3.8476393999e-04
    3.8476393999e-04
    3.8476393999e-04
    3.8476393999e-04
    3.8476393999e-04
    3.8476393999e-04
    3.9857141512e-04
    3.9857141512e-04
    3.9857141512e-04
    3.9857141512e-04
   -2.3197199451e-02
   -1.3213761716e-02
    5.8361191199e-03
    2.8067550981e-03
    2.8067550981e-03
    1.8860790792e-03
    1.8860790792e-03
    3.8870682819e-04
    3.8870682819e-04
    3.8870682819e-04
    3.8870682819e-04
    3.8870682819e-04
    3.8870682819e-04
    3.8870682819e-04
    3.8870682819e-04
    1.6665531665e-04
    1.6665531665e-04
    1.6665531665e-04
    1.6665531665e-04
    1.6665531665e-04
    1.6665531665e-04
    1.6665531665e-04
    1.6665531665e-04
    8.2545904004e-05
    8.2545904004e-05
    8.2545904004e-05
    8.2545904004e-05
    8.2545904004e-05
    8.2545904004e-05
    8.2545904004e-05
    8.2545904004e-05
    3.9564166561e-03
    4.8548230784e-03
    2.4485904877e-03
    1.9564713188e-03
    2.4485904877e-03
    1.9564713188e-03
    4.8641386906e-03
   -1.8413374923e-03
   -1.8413374923e-03
   -1.8413374923e-03
   -1.8413374923e-03
   -1.8413374923e-03
   -1.8413374923e-03
   -1.8413374923e-03
   -1.8413374923e-03
   -1.8021792699e-03
   -1.8021792699e-03
   -1.8021792699e-03
   -1.8021792699e-03
    7.3675833575e-04
    7.3675833575e-04
    7.3675833575e-04
    7.3675833575e-04
    7.3675833575e-04
    7.3675833575e-04
    7.3675833575e-04
    7.3675833575e-04
    7.6293095035e-04
    7.6293095035e-04
    7.6293095035e-04
    7.6293095035e-04
    4.4224225707e-04
    4.4224225707e-04
    4.4224225707e-04
    4.4224225707e-04
    4.4224225707e-04
    4.4224225707e-04
    4.4224225707e-04
    4.4224225707e-04
    4.5809642585e-04
    4.5809642585e-04
    4.5809642585e-04
    4.5809642585e-04
   -2.4058828021e-02
   -1.4099423947e-02
    5.5869315691e-03
    2.7813331012e-03
    2.7813331012e-03
    1.9740201973e-03
    1.9740201973e-03
    4.4557638356e-04
    4.4557638356e-04
    4.4557638356e-04
    4.4557638356e-04
    4.4557638356e-04
    4.4557638356e-04
    4.4557638356e-04
    4.4557638356e-04
    2.1280386611e-04
    2.1280386611e-04
    2.1280386611e-04
    2.1280386611e-04
    2.1280386611e-04
    2.1280386611e-04
    2.1280386611e-04
    2.1280386611e-04
    1.1712777854e-04
    1.1712777854e-04
    1.1712777854e-04
    1.1712777854e-04
    1.1712777854e-04
    1.1712777854e-04
    1.1712777854e-04
    1.1712777854e-04
    4.2173184901e-03
    5.2832178645e-03
    2.7713258356e-03
    2.2862628147e-03
    2.7713258356e-03
    2.2862628147e-03
    4.4607635120e-03
   -1.9713107620e-03
   -1.9713107620e-03
   -1.9713107620e-03
   -1.9713107620e-03
   -1.9713107620e-03
   -1.9713107620e-03
   -1.9713107620e-03
   -1.9713107620e-03
   -1.9346466296e-03
   -1.9346466296e-03
   -1.9346466296e-03
   -1.9346466296e-03
    7.4952295703e-04
    7.4952295703e-04
    7.4952295703e-04
    7.4952295703e-04
    7.4952295703e-04
    7.4952295703e-04
    7.4952295703e-04
    7.4952295703e-04
    7.7653122935e-04
    7.7653122935e-04
    7.7653122935e-04
    7.7653122935e-04
    4.9356206451e-04
    4.9356206451e-04
    4.9356206451e-04
    4.9356206451e-04
    4.9356206451e-04
    4.9356206451e-04
    4.9356206451e-04
    4.9356206451e-04
    5.1129402881e-04
    5.1129402881e-04
    5.1129402881e-04
    5.1129402881e-04
   -2.4848981294e-02
   -1.4969158181e-02
    5.4406364409e-03
    2.7596898374e-03
    2.7596898374e-03
    2.0373414863e-03
    2.0373414863e-03
    4.9427502148e-04
    4.9427502148e-04
    4.9427502148e-04
    4.9427502148e-04
    4.9427502148e-04
    4.9427502148e-04
    4.9427502148e-04
    4.9427502148e-04
    2.5764067637e-04
    2.5764067637e-04
    2.5764067637e-04
    2.5764067637e-04
    2.5764067637e-04
    2.5764067637e-04
    2.5764067637e-04
    2.5764067637e-04
    1.5359204367e-04
    1.5359204367e-04
    1.5359204367e-04
    1.5359204367e-04
    1.5359204367e-04
    1.5359204367e-04
    1.5359204367e-04
    1.5359204367e-04
    4.4663626810e-03
    5.6881354336e-03
    3.0737334200e-03
    2.5948706986e-03
    3.0737334200e-03
    2.5948706986e-03
    4.0782135070e-03
   -2.0931934204e-03
   -2.0931934204e-03
   -2.0931934204e-03
   -2.0931934204e-03
   -2.0931934204e-03
   -2.0931934204e-03
   -2.0931934204e-03
   -2.0931934204e-03
   -2.0590214624e-03
   -2.0590214624e-03
   -2.0590214624e-03
   -2.0590214624e-03
    7.6345790115e-04
    7.6345790115e-04
    7.6345790115e-04
    7.6345790115e-04
    7.6345790115e-04
    7.6345790115e-04
    7.6345790115e-04
    7.6345790115e-04
    7.9100733574e-04
    7.9100733574e-04
    7.9100733574e-04
    7.9100733574e-04
    5.3630809503e-04
    5.3630809503e-04
    5.3630809503e-04
    5.3630809503e-04
    5.3630809503e-04
    5.3630809503e-04
    5.3630809503e-04
    5.3630809503e-04
    5.5559003664e-04
    5.5559003664e-04
    5.5559003664e-04
    5.5559003664e-04
   -2.5505408377e-02
   -1.5825540410e-02
    5.3657541058e-03
    2.7531188120e-03
    2.7531188120e-03
    2.0863403697e-03
    2.0863403697e-03
    5.3332942047e-04
    5.3332942047e-04
    5.3332942047e-04
    5.3332942047e-04
    5.3332942047e-04
    5.3332942047e-04
    5.3332942047e-04
    5.3332942047e-04
    2.9882920545e-04
    2.9882920545e-04
    2.9882920545e-04
    2.9882920545e-04
    2.9882920545e-04
    2.9882920545e-04
    2.9882920545e-04
    2.9882920545e-04
    1.9093702031e-04
    1.9093702031e-04
    1.9093702031e-04
    1.9093702031e-04
    1.9093702031e-04
    1.9093702031e-04
    1.9093702031e-04
    1.9093702031e-04
    4.6984960404e-03
    6.0654359375e-03
    3.3519848562e-03
    2.8762558522e-03
    3.3519848562e-03
    2.8762558522e-03
    3.7017734017e-03
   -2.2127023736e-03
   -2.2127023736e-03
   -2.2127023736e-03
   -2.2127023736e-03
   -2.2127023736e-03
   -2.2127023736e-03
   -2.2127023736e-03
   -2.2127023736e-03
   -2.1810220280e-03
   -2.1810220280e-03
   -2.1810220280e-03
   -2.1810220280e-03
    7.7773620639e-04
    7.7773620639e-04
    7.7773620639e-04
    7.7773620639e-04
    7.7773620639e-04
    7.7773620639e-04
    7.7773620639e-04
    7.7773620639e-04
    8.0574040119e-04
    8.0574040119e-04
    8.0574040119e-04
    8.0574040119e-04
    5.7653866437e-04
    5.7653866437e-04
    5.7653866437e-04
    5.7653866437e-04
    5.7653866437e-04
    5.7653866437e-04
    5.7653866437e-04
    5.7653866437e-04
    5.9727440468e-04
    5.9727440468e-04
    5.9727440468e-04
    5.9727440468e-04
   -2.6122601521e-02
   -1.6678005294e-02
    5.3118235767e-03
    2.7509698320e-03
    2.7509698320e-03
    2.1311372011e-03
    2.1311372011e-03
    5.6955429533e-04
    5.6955429533e-04
    5.6955429533e-04
    5.6955429533e-04
    5.6955429533e-04
    5.6955429533e-04
    5.6955429533e-04
    5.6955429533e-04
    3.3894736499e-04
    3.3894736499e-04
    3.3894736499e-04
    3.3894736499e-04
    3.3894736499e-04
    3.3894736499e-04
    3.3894736499e-04
    3.3894736499e-04
    2.2854038898e-04
    2.2854038898e-04
    2.2854038898e-04
    2.2854038898e-04
    2.2854038898e-04
    2.2854038898e-04
    2.2854038898e-04
    2.2854038898e-04
    4.9256679295e-03
    6.4346338681e-03
    3.6231491179e-03
    3.1496541264e-03
    3.6231491179e-03
    3.1496541264e-03
    3.4096878100e-03
   -2.3328700997e-03
   -2.3328700997e-03
   -2.3328700997e-03
   -2.3328700997e-03
   -2.3328700997e-03
   -2.3328700997e-03
   -2.3328700997e-03
   -2.3328700997e-03
   -2.3024769879e-03
   -2.3024769879e-03
   -2.3024769879e-03
   -2.3024769879e-03
    7.9181279931e-04
    7.9181279931e-04
    7.9181279931e-04
    7.9181279931e-04
    7.9181279931e-04
    7.9181279931e-04
    7.9181279931e-04
    7.9181279931e-04
    8.2023256271e-04
    8.2023256271e-04
    8.2023256271e-04
    8.2023256271e-04
    6.0933615310e-04
    6.0933615310e-04
    6.0933615310e-04
    6.0933615310e-04
    6.0933615310e-04
    6.0933615310e-04
    6.0933615310e-04
    6.0933615310e-04
    6.3123240050e-04
    6.3123240050e-04
    6.3123240050e-04
    6.3123240050e-04
   -2.6415914355e-02
   -1.7576514429e-02
    5.2684097830e-03
    2.7521490794e-03
    2.7521490794e-03
    2.1669910024e-03
    2.1669910024e-03
    5.9872939245e-04
    5.9872939245e-04
    5.9872939245e-04
    5.9872939245e-04
    5.9872939245e-04
    5.9872939245e-04
    5.9872939245e-04
    5.9872939245e-04
    3.7488636661e-04
    3.7488636661e-04
    3.7488636661e-04
    3.7488636661e-04
    3.7488636661e-04
    3.7488636661e-04
    3.7488636661e-04
    3.7488636661e-04
    2.6514745993e-04
    2.6514745993e-04
    2.6514745993e-04
    2.6514745993e-04
    2.6514745993e-04
    2.6514745993e-04
    2.6514745993e-04
    2.6514745993e-04
    5.1321126342e-03
    6.7688240556e-03
    3.8669632436e-03
    3.3944496877e-03
    3.8669632436e-03
    3.3944496877e-03
    3.1250907085e-03
   -2.4530963077e-03
   -2.4530963077e-03
   -2.4530963077e-03
   -2.4530963077e-03
   -2.4530963077e-03
   -2.4530963077e-03
   -2.4530963077e-03
   -2.4530963077e-03
   -2.4238835122e-03
   -2.4238835122e-03
   -2.4238835122e-03
   -2.4238835122e-03
    8.0587148542e-04
    8.0587148542e-04
    8.0587148542e-04
    8.0587148542e-04
    8.0587148542e-04
    8.0587148542e-04
    8.0587148542e-04
    8.0587148542e-04
    8.3470333822e-04
    8.3470333822e-04
    8.3470333822e-04
    8.3470333822e-04
    6.4147377729e-04
    6.4147377729e-04
    6.4147377729e-04
    6.4147377729e-04
    6.4147377729e-04
    6.4147377729e-04
    6.4147377729e-04
    6.4147377729e-04
    6.6450449512e-04
    6.6450449512e-04
    6.6450449512e-04
    6.6450449512e-04
   -2.6680475029e-02
   -1.8479111098e-02
    5.2259296023e-03
    2.7536237870e-03
    2.7536237870e-03
    2.2020508948e-03
    2.2020508948e-03
    6.2727865237e-04
    6.2727865237e-04
    6.2727865237e-04
    6.2727865237e-04
    6.2727865237e-04
    6.2727865237e-04
    6.2727865237e-04
    6.2727865237e-04
    4.1045436753e-04
    4.1045436753e-04
    4.1045436753e-04
    4.1045436753e-04
    4.1045436753e-04
    4.1045436753e-04
    4.1045436753e-04
    4.1045436753e-04
    3.0166608552e-04
    3.0166608552e-04
    3.0166608552e-04
    3.0166608552e-04
    3.0166608552e-04
    3.0166608552e-04
    3.0166608552e-04
    3.0166608552e-04
    5.3367173030e-03
    7.0999064645e-03
    4.1083493874e-03
    3.6367060708e-03
    4.1083493874e-03
    3.6367060708e-03
    2.8443703074e-03
   -2.5737189870e-03
   -2.5737189870e-03
   -2.5737189870e-03
   -2.5737189870e-03
   -2.5737189870e-03
   -2.5737189870e-03
   -2.5737189870e-03
   -2.5737189870e-03
   -2.5457012043e-03
   -2.5457012043e-03
   -2.5457012043e-03
   -2.5457012043e-03
    8.2009616373e-04
    8.2009616373e-04
    8.2009616373e-04
    8.2009616373e-04
    8.2009616373e-04
    8.2009616373e-04
    8.2009616373e-04
    8.2009616373e-04
    8.4933329195e-04
    8.4933329195e-04
    8.4933329195e-04
    8.4933329195e-04
    6.7312287665e-04
    6.7312287665e-04
    6.7312287665e-04
    6.7312287665e-04
    6.7312287665e-04
    6.7312287665e-04
    6.7312287665e-04
    6.7312287665e-04
    6.9726475515e-04
    6.9726475515e-04
    6.9726475515e-04
    6.9726475515e-04
   -2.6922512220e-02
   -1.9385068486e-02
    5.1873867465e-03
    2.7561484477e-03
    2.7561484477e-03
    2.2370009382e-03
    2.2370009382e-03
    6.5542722334e-04
    6.5542722334e-04
    6.5542722334e-04
    6.5542722334e-04
    6.5542722334e-04
    6.5542722334e-04
    6.5542722334e-04
    6.5542722334e-04
    4.4566488630e-04
    4.4566488630e-04
    4.4566488630e-04
    4.4566488630e-04
    4.4566488630e-04
    4.4566488630e-04
    4.4566488630e-04
    4.4566488630e-04
    3.3797962108e-04
    3.3797962108e-04
    3.3797962108e-04
    3.3797962108e-04
    3.3797962108e-04
    3.3797962108e-04
    3.3797962108e-04
    3.3797962108e-04
    5.5391871316e-03
    7.4282586425e-03
    4.3478930219e-03
    3.8770657092e-03
    4.3478930219e-03
    3.8770657092e-03
    2.6138490374e-03
   -2.6994755464e-03
   -2.6994755464e-03
   -2.6994755464e-03
   -2.6994755464e-03
   -2.6994755464e-03
   -2.6994755464e-03
   -2.6994755464e-03
   -2.6994755464e-03
   -2.6728430815e-03
   -2.6728430815e-03
   -2.6728430815e-03
   -2.6728430815e-03
    8.3647026391e-04
    8.3647026391e-04
    8.3647026391e-04
    8.3647026391e-04
    8.3647026391e-04
    8.3647026391e-04
    8.3647026391e-04
    8.3647026391e-04
    8.6602443375e-04
    8.6602443375e-04
    8.6602443375e-04
    8.6602443375e-04
    6.9844610070e-04
    6.9844610070e-04
    6.9844610070e-04
    6.9844610070e-04
    6.9844610070e-04
    6.9844610070e-04
    6.9844610070e-04
    6.9844610070e-04
    7.2339730369e-04
    7.2339730369e-04
    7.2339730369e-04
    7.2339730369e-04
   -2.6872894349e-02
