   -6.1675640368e-04
    5.8752933697e-06
    5.8752933697e-06
    5.8752933697e-06
    5.8752933697e-06
    5.8752933697e-06
    5.8752933697e-06
    5.8752933697e-06
    5.8752933697e-06
    1.9463681813e-08
    1.9463681813e-08
    1.9463681813e-08
    1.9463681813e-08
    8.5067789830e-09
    8.5067789830e-09
    8.5067789830e-09
    8.5067789830e-09
    8.5067789830e-09
    8.5067789830e-09
    8.5067789830e-09
    8.5067789830e-09
    5.8179271613e-09
    5.8179271613e-09
    5.8179271613e-09
    5.8179271613e-09
    3.9078424902e-12
    3.9078424902e-12
    3.9078424902e-12
    3.9078424902e-12
    3.9078424902e-12
    3.9078424902e-12
    3.9078424902e-12
    3.9078424902e-12
    2.6727909800e-12
    2.6727909800e-12
    2.6727909800e-12
    2.6727909800e-12
    3.7247787207e-04
    1.0365790529e-06
    2.6753640294e-07
    3.4380575076e-10
    3.4380575076e-10
    6.2574221331e-13
    6.2574221331e-13
   -4.5688058549e-16
   -4.5688058549e-16
   -4.5688058549e-16
   -4.5688058549e-16
   -4.5688058549e-16
   -4.5688058549e-16
   -4.5688058549e-16
   -4.5688058549e-16
    9.0215487125e-19
    9.0215487125e-19
    9.0215487125e-19
    9.0215487125e-19
    9.0215487125e-19
    9.0215487125e-19
    9.0215487125e-19
    9.0215487125e-19
    9.0215487125e-19
    9.0215487125e-19
    9.0215487125e-19
    9.0215487125e-19
    9.0215487125e-19
    9.0215487125e-19
    9.0215487125e-19
    9.0215487125e-19
    1.9431653301e-04
    1.4808235531e-06
    2.3946559970e-09
    5.4890679274e-12
    2.3946559970e-09
    5.4890679274e-12
   -2.3757055724e-02
    3.0175353038e-05
    3.0175353038e-05
    3.0175353038e-05
    3.0175353038e-05
    3.0175353038e-05
    3.0175353038e-05
    3.0175353038e-05
    3.0175353038e-05
   -2.0531241293e-04
   -2.0531241293e-04
   -2.0531241293e-04
   -2.0531241293e-04
    4.3806110376e-04
    4.3806110376e-04
    4.3806110376e-04
    4.3806110376e-04
    4.3806110376e-04
    4.3806110376e-04
    4.3806110376e-04
    4.3806110376e-04
    4.0208941272e-04
    4.0208941272e-04
    4.0208941272e-04
    4.0208941272e-04
    6.0030326681e-05
    6.0030326681e-05
    6.0030326681e-05
    6.0030326681e-05
    6.0030326681e-05
    6.0030326681e-05
    6.0030326681e-05
    6.0030326681e-05
    5.4988761410e-05
    5.4988761410e-05
    5.4988761410e-05
    5.4988761410e-05
   -3.2640057322e-03
   -1.4777029216e-03
    8.5835451768e-03
    1.8776436332e-03
    1.8776436332e-03
    5.8581918689e-04
    5.8581918689e-04
    4.5643011889e-05
    4.5643011889e-05
    4.5643011889e-05
    4.5643011889e-05
    4.5643011889e-05
    4.5643011889e-05
    4.5643011889e-05
    4.5643011889e-05
    7.4351509183e-06
    7.4351509183e-06
    7.4351509183e-06
    7.4351509183e-06
    7.4351509183e-06
    7.4351509183e-06
    7.4351509183e-06
    7.4351509183e-06
    1.3820021621e-06
    1.3820021621e-06
    1.3820021621e-06
    1.3820021621e-06
    1.3820021621e-06
    1.3820021621e-06
    1.3820021621e-06
    1.3820021621e-06
    3.4661421666e-03
    3.2526960464e-03
    9.0099342460e-04
    3.9929493295e-04
    9.0099342460e-04
    3.9929493295e-04
   -2.6341854959e-02
   -3.3575826365e-04
   -3.3575826365e-04
   -3.3575826365e-04
   -3.3575826365e-04
   -3.3575826365e-04
   -3.3575826365e-04
   -3.3575826365e-04
   -3.3575826365e-04
   -5.2855822102e-04
   -5.2855822102e-04
   -5.2855822102e-04
   -5.2855822102e-04
    7.5418998406e-04
    7.5418998406e-04
    7.5418998406e-04
    7.5418998406e-04
    7.5418998406e-04
    7.5418998406e-04
    7.5418998406e-04
    7.5418998406e-04
    6.9685250278e-04
    6.9685250278e-04
    6.9685250278e-04
    6.9685250278e-04
    1.8472406455e-04
    1.8472406455e-04
    1.8472406455e-04
    1.8472406455e-04
    1.8472406455e-04
    1.8472406455e-04
    1.8472406455e-04
    1.8472406455e-04
    1.7028258442e-04
    1.7028258442e-04
    1.7028258442e-04
    1.7028258442e-04
   -1.0675796659e-02
   -4.2079771976e-03
    1.0657483557e-02
    3.4173144204e-03
    3.4173144204e-03
    1.5200157283e-03
    1.5200157283e-03
    1.8036287490e-04
    1.8036287490e-04
    1.8036287490e-04
    1.8036287490e-04
    1.8036287490e-04
    1.8036287490e-04
    1.8036287490e-04
    1.8036287490e-04
    4.3951874623e-05
    4.3951874623e-05
    4.3951874623e-05
    4.3951874623e-05
    4.3951874623e-05
    4.3951874623e-05
    4.3951874623e-05
    4.3951874623e-05
    1.2353778046e-05
    1.2353778046e-05
    1.2353778046e-05
    1.2353778046e-05
    1.2353778046e-05
    1.2353778046e-05
    1.2353778046e-05
    1.2353778046e-05
    3.5968011444e-03
    3.9881850498e-03
    1.5529846038e-03
    9.6481379665e-04
    1.5529846038e-03
    9.6481379665e-04
   -2.7355668363e-02
   -6.5189898161e-04
   -6.5189898161e-04
   -6.5189898161e-04
   -6.5189898161e-04
   -6.5189898161e-04
   -6.5189898161e-04
   -6.5189898161e-04
   -6.5189898161e-04
   -7.8793749332e-04
   -7.8793749332e-04
   -7.8793749332e-04
   -7.8793749332e-04
    9.0984179151e-04
    9.0984179151e-04
    9.0984179151e-04
    9.0984179151e-04
    9.0984179151e-04
    9.0984179151e-04
    9.0984179151e-04
    9.0984179151e-04
    8.4674364131e-04
    8.4674364131e-04
    8.4674364131e-04
    8.4674364131e-04
    3.1315452753e-04
    3.1315452753e-04
    3.1315452753e-04
    3.1315452753e-04
    3.1315452753e-04
    3.1315452753e-04
    3.1315452753e-04
    3.1315452753e-04
    2.9039314771e-04
    2.9039314771e-04
    2.9039314771e-04
    2.9039314771e-04
   -1.4519983452e-02
   -6.2042204390e-03
    1.0484657840e-02
    4.0546567666e-03
    4.0546567666e-03
    2.1707871393e-03
    2.1707871393e-03
    3.2969462055e-04
    3.2969462055e-04
    3.2969462055e-04
    3.2969462055e-04
    3.2969462055e-04
    3.2969462055e-04
    3.2969462055e-04
    3.2969462055e-04
    1.0421484108e-04
    1.0421484108e-04
    1.0421484108e-04
    1.0421484108e-04
    1.0421484108e-04
    1.0421484108e-04
    1.0421484108e-04
    1.0421484108e-04
    3.8806889881e-05
    3.8806889881e-05
    3.8806889881e-05
    3.8806889881e-05
    3.8806889881e-05
    3.8806889881e-05
    3.8806889881e-05
    3.8806889881e-05
    3.8584761111e-03
    4.5301108545e-03
    2.0411317218e-03
    1.4630847492e-03
    2.0411317218e-03
    1.4630847492e-03
   -2.8036360965e-02
   -9.2469582625e-04
   -9.2469582625e-04
   -9.2469582625e-04
   -9.2469582625e-04
   -9.2469582625e-04
   -9.2469582625e-04
   -9.2469582625e-04
   -9.2469582625e-04
   -1.0109601865e-03
   -1.0109601865e-03
   -1.0109601865e-03
   -1.0109601865e-03
    1.0043371538e-03
    1.0043371538e-03
    1.0043371538e-03
    1.0043371538e-03
    1.0043371538e-03
    1.0043371538e-03
    1.0043371538e-03
    1.0043371538e-03
    9.4167323777e-04
    9.4167323777e-04
    9.4167323777e-04
    9.4167323777e-04
    4.3534937397e-04
    4.3534937397e-04
    4.3534937397e-04
    4.3534937397e-04
    4.3534937397e-04
    4.3534937397e-04
    4.3534937397e-04
    4.3534937397e-04
    4.0562615409e-04
    4.0562615409e-04
    4.0562615409e-04
    4.0562615409e-04
   -1.7113863025e-02
   -7.8757618374e-03
    9.9049484541e-03
    4.3441448391e-03
    4.3441448391e-03
    2.6412532224e-03
    2.6412532224e-03
    4.7199482039e-04
    4.7199482039e-04
    4.7199482039e-04
    4.7199482039e-04
    4.7199482039e-04
    4.7199482039e-04
    4.7199482039e-04
    4.7199482039e-04
    1.7369243237e-04
    1.7369243237e-04
    1.7369243237e-04
    1.7369243237e-04
    1.7369243237e-04
    1.7369243237e-04
    1.7369243237e-04
    1.7369243237e-04
    7.4157572358e-05
    7.4157572358e-05
    7.4157572358e-05
    7.4157572358e-05
    7.4157572358e-05
    7.4157572358e-05
    7.4157572358e-05
    7.4157572358e-05
    4.1339772688e-03
    5.0271916381e-03
    2.4676936630e-03
    1.9148219913e-03
    2.4676936630e-03
    1.9148219913e-03
   -2.8514222630e-02
   -1.1368590433e-03
   -1.1368590433e-03
   -1.1368590433e-03
   -1.1368590433e-03
   -1.1368590433e-03
   -1.1368590433e-03
   -1.1368590433e-03
   -1.1368590433e-03
   -1.1894344639e-03
   -1.1894344639e-03
   -1.1894344639e-03
   -1.1894344639e-03
    1.0467305568e-03
    1.0467305568e-03
    1.0467305568e-03
    1.0467305568e-03
    1.0467305568e-03
    1.0467305568e-03
    1.0467305568e-03
    1.0467305568e-03
    9.8941102846e-04
    9.8941102846e-04
    9.8941102846e-04
    9.8941102846e-04
    5.3935787133e-04
    5.3935787133e-04
    5.3935787133e-04
    5.3935787133e-04
    5.3935787133e-04
    5.3935787133e-04
    5.3935787133e-04
    5.3935787133e-04
    5.0539782984e-04
    5.0539782984e-04
    5.0539782984e-04
    5.0539782984e-04
   -1.8729456764e-02
   -9.2044555509e-03
    9.2959815203e-03
    4.3698558216e-03
    4.3698558216e-03
    2.8909270074e-03
    2.8909270074e-03
    5.8697927601e-04
    5.8697927601e-04
    5.8697927601e-04
    5.8697927601e-04
    5.8697927601e-04
    5.8697927601e-04
    5.8697927601e-04
    5.8697927601e-04
    2.4834989149e-04
    2.4834989149e-04
    2.4834989149e-04
    2.4834989149e-04
    2.4834989149e-04
    2.4834989149e-04
    2.4834989149e-04
    2.4834989149e-04
    1.2141044551e-04
    1.2141044551e-04
    1.2141044551e-04
    1.2141044551e-04
    1.2141044551e-04
    1.2141044551e-04
    1.2141044551e-04
    1.2141044551e-04
    4.4080916723e-03
    5.4875566019e-03
    2.8327945439e-03
    2.3000504223e-03
    2.8327945439e-03
    2.3000504223e-03
   -2.9004887961e-02
   -1.3210509326e-03
   -1.3210509326e-03
   -1.3210509326e-03
   -1.3210509326e-03
   -1.3210509326e-03
   -1.3210509326e-03
   -1.3210509326e-03
   -1.3210509326e-03
   -1.3517560470e-03
   -1.3517560470e-03
   -1.3517560470e-03
   -1.3517560470e-03
    1.0783095463e-03
    1.0783095463e-03
    1.0783095463e-03
    1.0783095463e-03
    1.0783095463e-03
    1.0783095463e-03
    1.0783095463e-03
    1.0783095463e-03
    1.0268430246e-03
    1.0268430246e-03
    1.0268430246e-03
    1.0268430246e-03
    6.2835747926e-04
    6.2835747926e-04
    6.2835747926e-04
    6.2835747926e-04
    6.2835747926e-04
    6.2835747926e-04
    6.2835747926e-04
    6.2835747926e-04
    5.9209972495e-04
    5.9209972495e-04
    5.9209972495e-04
    5.9209972495e-04
   -2.0008163902e-02
   -1.0432201708e-02
    8.8845188729e-03
    4.3579505453e-03
    4.3579505453e-03
    3.0533180379e-03
    3.0533180379e-03
    6.7969197858e-04
    6.7969197858e-04
    6.7969197858e-04
    6.7969197858e-04
    6.7969197858e-04
    6.7969197858e-04
    6.7969197858e-04
    6.7969197858e-04
    3.2058060417e-04
    3.2058060417e-04
    3.2058060417e-04
    3.2058060417e-04
    3.2058060417e-04
    3.2058060417e-04
    3.2058060417e-04
    3.2058060417e-04
    1.7446710450e-04
    1.7446710450e-04
    1.7446710450e-04
    1.7446710450e-04
    1.7446710450e-04
    1.7446710450e-04
    1.7446710450e-04
    1.7446710450e-04
    4.6631850231e-03
    5.9129463768e-03
    3.1620098479e-03
    2.6432266918e-03
    3.1620098479e-03
    2.6432266918e-03
   -2.9502020809e-02
   -1.4911136643e-03
   -1.4911136643e-03
   -1.4911136643e-03
   -1.4911136643e-03
   -1.4911136643e-03
   -1.4911136643e-03
   -1.4911136643e-03
   -1.4911136643e-03
   -1.5059184193e-03
   -1.5059184193e-03
   -1.5059184193e-03
   -1.5059184193e-03
    1.1044258508e-03
    1.1044258508e-03
    1.1044258508e-03
    1.1044258508e-03
    1.1044258508e-03
    1.1044258508e-03
    1.1044258508e-03
    1.1044258508e-03
    1.0590692546e-03
    1.0590692546e-03
    1.0590692546e-03
    1.0590692546e-03
    7.0977564652e-04
    7.0977564652e-04
    7.0977564652e-04
    7.0977564652e-04
    7.0977564652e-04
    7.0977564652e-04
    7.0977564652e-04
    7.0977564652e-04
    6.7219968145e-04
    6.7219968145e-04
    6.7219968145e-04
    6.7219968145e-04
   -2.1116699503e-02
   -1.1608956222e-02
    8.5728215705e-03
    4.3270441673e-03
    4.3270441673e-03
    3.1716199286e-03
    3.1716199286e-03
    7.6115455001e-04
    7.6115455001e-04
    7.6115455001e-04
    7.6115455001e-04
    7.6115455001e-04
    7.6115455001e-04
    7.6115455001e-04
    7.6115455001e-04
    3.9158549436e-04
    3.9158549436e-04
    3.9158549436e-04
    3.9158549436e-04
    3.9158549436e-04
    3.9158549436e-04
    3.9158549436e-04
    3.9158549436e-04
    2.3045542998e-04
    2.3045542998e-04
    2.3045542998e-04
    2.3045542998e-04
    2.3045542998e-04
    2.3045542998e-04
    2.3045542998e-04
    2.3045542998e-04
    4.9086702692e-03
    6.3206691338e-03
    3.4730982695e-03
    2.9651611518e-03
    3.4730982695e-03
    2.9651611518e-03
   -2.9998198251e-02
   -1.6607910909e-03
   -1.6607910909e-03
   -1.6607910909e-03
   -1.6607910909e-03
   -1.6607910909e-03
   -1.6607910909e-03
   -1.6607910909e-03
   -1.6607910909e-03
   -1.6598495982e-03
   -1.6598495982e-03
   -1.6598495982e-03
   -1.6598495982e-03
    1.1304499584e-03
    1.1304499584e-03
    1.1304499584e-03
    1.1304499584e-03
    1.1304499584e-03
    1.1304499584e-03
    1.1304499584e-03
    1.1304499584e-03
    1.0911850357e-03
    1.0911850357e-03
    1.0911850357e-03
    1.0911850357e-03
    7.9085251294e-04
    7.9085251294e-04
    7.9085251294e-04
    7.9085251294e-04
    7.9085251294e-04
    7.9085251294e-04
    7.9085251294e-04
    7.9085251294e-04
    7.5199404378e-04
    7.5199404378e-04
    7.5199404378e-04
    7.5199404378e-04
   -2.2219316621e-02
   -1.2783997157e-02
    8.2638187889e-03
    4.2962161764e-03
    4.2962161764e-03
    3.2889271281e-03
    3.2889271281e-03
    8.4218046516e-04
    8.4218046516e-04
    8.4218046516e-04
    8.4218046516e-04
    8.4218046516e-04
    8.4218046516e-04
    8.4218046516e-04
    8.4218046516e-04
    4.6245223108e-04
    4.6245223108e-04
    4.6245223108e-04
    4.6245223108e-04
    4.6245223108e-04
    4.6245223108e-04
    4.6245223108e-04
    4.6245223108e-04
    2.8649559175e-04
    2.8649559175e-04
    2.8649559175e-04
    2.8649559175e-04
    2.8649559175e-04
    2.8649559175e-04
    2.8649559175e-04
    2.8649559175e-04
    5.1536955282e-03
    6.7276460393e-03
    3.7835132506e-03
    3.2863016447e-03
    3.7835132506e-03
    3.2863016447e-03
   -3.0430237355e-02
   -1.8046021855e-03
   -1.8046021855e-03
   -1.8046021855e-03
   -1.8046021855e-03
   -1.8046021855e-03
   -1.8046021855e-03
   -1.8046021855e-03
   -1.8046021855e-03
   -1.7982602940e-03
   -1.7982602940e-03
   -1.7982602940e-03
   -1.7982602940e-03
    1.1502846923e-03
    1.1502846923e-03
    1.1502846923e-03
    1.1502846923e-03
    1.1502846923e-03
    1.1502846923e-03
    1.1502846923e-03
    1.1502846923e-03
    1.1158861627e-03
    1.1158861627e-03
    1.1158861627e-03
    1.1158861627e-03
    8.4901715238e-04
    8.4901715238e-04
    8.4901715238e-04
    8.4901715238e-04
    8.4901715238e-04
    8.4901715238e-04
    8.4901715238e-04
    8.4901715238e-04
    8.1127324079e-04
    8.1127324079e-04
    8.1127324079e-04
    8.1127324079e-04
   -2.2924613885e-02
   -1.3844001912e-02
    8.1357047272e-03
    4.2706504791e-03
    4.2706504791e-03
    3.3394586656e-03
    3.3394586656e-03
    8.9389274597e-04
    8.9389274597e-04
    8.9389274597e-04
    8.9389274597e-04
    8.9389274597e-04
    8.9389274597e-04
    8.9389274597e-04
    8.9389274597e-04
    5.2404444137e-04
    5.2404444137e-04
    5.2404444137e-04
    5.2404444137e-04
    5.2404444137e-04
    5.2404444137e-04
    5.2404444137e-04
    5.2404444137e-04
    3.4601563138e-04
    3.4601563138e-04
    3.4601563138e-04
    3.4601563138e-04
    3.4601563138e-04
    3.4601563138e-04
    3.4601563138e-04
    3.4601563138e-04
    5.3678409019e-03
    7.0845524031e-03
    4.0487187890e-03
    3.5541414953e-03
    4.0487187890e-03
    3.5541414953e-03
   -3.0862276458e-02
   -1.9484132801e-03
   -1.9484132801e-03
   -1.9484132801e-03
   -1.9484132801e-03
   -1.9484132801e-03
   -1.9484132801e-03
   -1.9484132801e-03
   -1.9484132801e-03
   -1.9366709897e-03
   -1.9366709897e-03
   -1.9366709897e-03
   -1.9366709897e-03
    1.1701194263e-03
    1.1701194263e-03
    1.1701194263e-03
    1.1701194263e-03
    1.1701194263e-03
    1.1701194263e-03
    1.1701194263e-03
    1.1701194263e-03
    1.1405872897e-03
    1.1405872897e-03
    1.1405872897e-03
    1.1405872897e-03
    9.0718179181e-04
    9.0718179181e-04
    9.0718179181e-04
    9.0718179181e-04
    9.0718179181e-04
    9.0718179181e-04
    9.0718179181e-04
    9.0718179181e-04
    8.7055243779e-04
    8.7055243779e-04
    8.7055243779e-04
    8.7055243779e-04
   -2.3629911149e-02
   -1.4904006668e-02
    8.0075906656e-03
    4.2450847817e-03
    4.2450847817e-03
    3.3899902031e-03
    3.3899902031e-03
    9.4560502677e-04
    9.4560502677e-04
    9.4560502677e-04
    9.4560502677e-04
    9.4560502677e-04
    9.4560502677e-04
    9.4560502677e-04
    9.4560502677e-04
    5.8563665166e-04
    5.8563665166e-04
    5.8563665166e-04
    5.8563665166e-04
    5.8563665166e-04
    5.8563665166e-04
    5.8563665166e-04
    5.8563665166e-04
    4.0553567101e-04
    4.0553567101e-04
    4.0553567101e-04
    4.0553567101e-04
    4.0553567101e-04
    4.0553567101e-04
    4.0553567101e-04
    4.0553567101e-04
    5.5819862756e-03
    7.4414587668e-03
    4.3139243273e-03
    3.8219813459e-03
    4.3139243273e-03
    3.8219813459e-03
   -3.1243013390e-02
   -2.0900339571e-03
   -2.0900339571e-03
   -2.0900339571e-03
   -2.0900339571e-03
   -2.0900339571e-03
   -2.0900339571e-03
   -2.0900339571e-03
   -2.0900339571e-03
   -2.0744071915e-03
   -2.0744071915e-03
   -2.0744071915e-03
   -2.0744071915e-03
    1.1889338663e-03
    1.1889338663e-03
    1.1889338663e-03
    1.1889338663e-03
    1.1889338663e-03
    1.1889338663e-03
    1.1889338663e-03
    1.1889338663e-03
    1.1638167919e-03
    1.1638167919e-03
    1.1638167919e-03
    1.1638167919e-03
    9.5886736434e-04
    9.5886736434e-04
    9.5886736434e-04
    9.5886736434e-04
    9.5886736434e-04
    9.5886736434e-04
    9.5886736434e-04
    9.5886736434e-04
    9.2383018963e-04
    9.2383018963e-04
    9.2383018963e-04
    9.2383018963e-04
   -2.4144271536e-02
   -1.5962554922e-02
    7.8987701782e-03
    4.2234835822e-03
    4.2234835822e-03
    3.4322804431e-03
    3.4322804431e-03
    9.9084440203e-04
    9.9084440203e-04
    9.9084440203e-04
    9.9084440203e-04
    9.9084440203e-04
    9.9084440203e-04
    9.9084440203e-04
    9.9084440203e-04
    6.4330835560e-04
    6.4330835560e-04
    6.4330835560e-04
    6.4330835560e-04
    6.4330835560e-04
    6.4330835560e-04
    6.4330835560e-04
    6.4330835560e-04
    4.6398780004e-04
    4.6398780004e-04
    4.6398780004e-04
    4.6398780004e-04
    4.6398780004e-04
    4.6398780004e-04
    4.6398780004e-04
    4.6398780004e-04
    5.7871009097e-03
    7.7796139336e-03
    4.5632999668e-03
    4.0730025159e-03
    4.5632999668e-03
    4.0730025159e-03
   -3.1534483319e-02
   -2.2278432552e-03
   -2.2278432552e-03
   -2.2278432552e-03
   -2.2278432552e-03
   -2.2278432552e-03
   -2.2278432552e-03
   -2.2278432552e-03
   -2.2278432552e-03
   -2.2109697578e-03
   -2.2109697578e-03
   -2.2109697578e-03
   -2.2109697578e-03
    1.2059729706e-03
    1.2059729706e-03
    1.2059729706e-03
    1.2059729706e-03
    1.2059729706e-03
    1.2059729706e-03
    1.2059729706e-03
    1.2059729706e-03
    1.1844856319e-03
    1.1844856319e-03
    1.1844856319e-03
    1.1844856319e-03
    9.9927920607e-04
    9.9927920607e-04
    9.9927920607e-04
    9.9927920607e-04
    9.9927920607e-04
    9.9927920607e-04
    9.9927920607e-04
    9.9927920607e-04
    9.6666528390e-04
    9.6666528390e-04
    9.6666528390e-04
    9.6666528390e-04
   -2.4326397209e-02
   -1.7018568829e-02
    7.8235209698e-03
    4.2087807031e-03
    4.2087807031e-03
    3.4602306290e-03
    3.4602306290e-03
    1.0248207674e-03
    1.0248207674e-03
    1.0248207674e-03
    1.0248207674e-03
    1.0248207674e-03
    1.0248207674e-03
    1.0248207674e-03
    1.0248207674e-03
    6.9415828508e-04
    6.9415828508e-04
    6.9415828508e-04
    6.9415828508e-04
    6.9415828508e-04
    6.9415828508e-04
    6.9415828508e-04
    6.9415828508e-04
    5.2058173918e-04
    5.2058173918e-04
    5.2058173918e-04
    5.2058173918e-04
    5.2058173918e-04
    5.2058173918e-04
    5.2058173918e-04
    5.2058173918e-04
    5.9765018418e-03
    8.0851415710e-03
    4.7851312051e-03
    4.2947587809e-03
    4.7851312051e-03
    4.2947587809e-03
   -3.1825953248e-02
   -2.3656525532e-03
   -2.3656525532e-03
   -2.3656525532e-03
   -2.3656525532e-03
   -2.3656525532e-03
   -2.3656525532e-03
   -2.3656525532e-03
   -2.3656525532e-03
   -2.3475323242e-03
   -2.3475323242e-03
   -2.3475323242e-03
   -2.3475323242e-03
    1.2230120748e-03
    1.2230120748e-03
    1.2230120748e-03
    1.2230120748e-03
    1.2230120748e-03
    1.2230120748e-03
    1.2230120748e-03
    1.2230120748e-03
    1.2051544719e-03
    1.2051544719e-03
    1.2051544719e-03
    1.2051544719e-03
    1.0396910478e-03
    1.0396910478e-03
    1.0396910478e-03
    1.0396910478e-03
    1.0396910478e-03
    1.0396910478e-03
    1.0396910478e-03
    1.0396910478e-03
    1.0095003782e-03
    1.0095003782e-03
    1.0095003782e-03
    1.0095003782e-03
   -2.4508522881e-02
